# PE_center  R_SM  A90*R_SM  -A90*R_SM  delta_ON_OFF  sigma_stat
# A_best =       0.0000
# A_90   =      64.3668
  1.126013E+02    1.426401E-03    9.181293E-02   -9.181293E-02   -2.110200E-01    2.063000E-01
  1.178678E+02    1.055898E-03    6.796479E-02   -6.796479E-02    9.291000E-02    1.858300E-01
  1.231430E+02    1.868754E-03    1.202858E-01   -1.202858E-01   -2.944900E-01    1.858300E-01
  1.283436E+02    1.360038E-03    8.754134E-02   -8.754134E-02    1.039400E-01    1.496100E-01
  1.335785E+02    9.654905E-04    6.214556E-02   -6.214556E-02    1.417300E-01    1.307100E-01
  1.388889E+02    6.761705E-04    4.352295E-02   -4.352295E-02   -1.732000E-02    1.275600E-01
  1.441991E+02    4.765588E-04    3.067458E-02   -3.067458E-02   -1.732300E-01    1.291300E-01
  1.494694E+02    6.348659E-04    4.086430E-02   -4.086430E-02    9.134000E-02    1.055100E-01
  1.547178E+02    4.549555E-04    2.928404E-02   -2.928404E-02   -1.417000E-02    9.291000E-02
  1.599642E+02    3.238372E-04    2.084437E-02   -2.084437E-02   -9.764000E-02    9.291000E-02
  1.652458E+02    2.275751E-04    1.464828E-02   -1.464828E-02    4.724000E-02    6.929000E-02
  1.705496E+02    1.585422E-04    1.020486E-02   -1.020486E-02   -4.094000E-02    7.402000E-02
  1.757832E+02    1.338938E-04    8.618321E-03   -8.618321E-03    9.450000E-03    6.614000E-02
  1.810237E+02    9.377410E-05    6.035941E-03   -6.035941E-03   -1.260000E-02    6.772000E-02
  1.863036E+02    6.552509E-05    4.217642E-03   -4.217642E-03    1.511800E-01    5.512000E-02
