# E_nu[MeV]  T[keV]  dsigma_dT[cm^2/keV]  (F^2=1)
  3.00  4.905782E-04    2.876714E-39
  3.00  9.811564E-04    2.867093E-39
  3.00  1.471735E-03    2.857472E-39
  3.00  1.962313E-03    2.847851E-39
  3.00  2.452891E-03    2.838229E-39
  3.00  2.943469E-03    2.828608E-39
  3.00  3.434048E-03    2.818987E-39
  3.00  3.924626E-03    2.809366E-39
  3.00  4.415204E-03    2.799745E-39
  3.00  4.905782E-03    2.790124E-39
  3.00  5.396360E-03    2.780503E-39
  3.00  5.886939E-03    2.770882E-39
  3.00  6.377517E-03    2.761261E-39
  3.00  6.868095E-03    2.751639E-39
  3.00  7.358673E-03    2.742018E-39
  3.00  7.849252E-03    2.732397E-39
  3.00  8.339830E-03    2.722776E-39
  3.00  8.830408E-03    2.713155E-39
  3.00  9.320986E-03    2.703534E-39
  3.00  9.811564E-03    2.693913E-39
  3.00  1.030214E-02    2.684292E-39
  3.00  1.079272E-02    2.674670E-39
  3.00  1.128330E-02    2.665049E-39
  3.00  1.177388E-02    2.655428E-39
  3.00  1.226446E-02    2.645807E-39
  3.00  1.275503E-02    2.636186E-39
  3.00  1.324561E-02    2.626565E-39
  3.00  1.373619E-02    2.616944E-39
  3.00  1.422677E-02    2.607323E-39
  3.00  1.471735E-02    2.597702E-39
  3.00  1.520792E-02    2.588080E-39
  3.00  1.569850E-02    2.578459E-39
  3.00  1.618908E-02    2.568838E-39
  3.00  1.667966E-02    2.559217E-39
  3.00  1.717024E-02    2.549596E-39
  3.00  1.766082E-02    2.539975E-39
  3.00  1.815139E-02    2.530354E-39
  3.00  1.864197E-02    2.520733E-39
  3.00  1.913255E-02    2.511111E-39
  3.00  1.962313E-02    2.501490E-39
  3.00  2.011371E-02    2.491869E-39
  3.00  2.060429E-02    2.482248E-39
  3.00  2.109486E-02    2.472627E-39
  3.00  2.158544E-02    2.463006E-39
  3.00  2.207602E-02    2.453385E-39
  3.00  2.256660E-02    2.443764E-39
  3.00  2.305718E-02    2.434143E-39
  3.00  2.354775E-02    2.424521E-39
  3.00  2.403833E-02    2.414900E-39
  3.00  2.452891E-02    2.405279E-39
  3.00  2.501949E-02    2.395658E-39
  3.00  2.551007E-02    2.386037E-39
  3.00  2.600065E-02    2.376416E-39
  3.00  2.649122E-02    2.366795E-39
  3.00  2.698180E-02    2.357174E-39
  3.00  2.747238E-02    2.347552E-39
  3.00  2.796296E-02    2.337931E-39
  3.00  2.845354E-02    2.328310E-39
  3.00  2.894411E-02    2.318689E-39
  3.00  2.943469E-02    2.309068E-39
  3.00  2.992527E-02    2.299447E-39
  3.00  3.041585E-02    2.289826E-39
  3.00  3.090643E-02    2.280205E-39
  3.00  3.139701E-02    2.270584E-39
  3.00  3.188758E-02    2.260962E-39
  3.00  3.237816E-02    2.251341E-39
  3.00  3.286874E-02    2.241720E-39
  3.00  3.335932E-02    2.232099E-39
  3.00  3.384990E-02    2.222478E-39
  3.00  3.434048E-02    2.212857E-39
  3.00  3.483105E-02    2.203236E-39
  3.00  3.532163E-02    2.193615E-39
  3.00  3.581221E-02    2.183993E-39
  3.00  3.630279E-02    2.174372E-39
  3.00  3.679337E-02    2.164751E-39
  3.00  3.728394E-02    2.155130E-39
  3.00  3.777452E-02    2.145509E-39
  3.00  3.826510E-02    2.135888E-39
  3.00  3.875568E-02    2.126267E-39
  3.00  3.924626E-02    2.116646E-39
  3.00  3.973684E-02    2.107025E-39
  3.00  4.022741E-02    2.097403E-39
  3.00  4.071799E-02    2.087782E-39
  3.00  4.120857E-02    2.078161E-39
  3.00  4.169915E-02    2.068540E-39
  3.00  4.218973E-02    2.058919E-39
  3.00  4.268031E-02    2.049298E-39
  3.00  4.317088E-02    2.039677E-39
  3.00  4.366146E-02    2.030056E-39
  3.00  4.415204E-02    2.020435E-39
  3.00  4.464262E-02    2.010813E-39
  3.00  4.513320E-02    2.001192E-39
  3.00  4.562377E-02    1.991571E-39
  3.00  4.611435E-02    1.981950E-39
  3.00  4.660493E-02    1.972329E-39
  3.00  4.709551E-02    1.962708E-39
  3.00  4.758609E-02    1.953087E-39
  3.00  4.807667E-02    1.943466E-39
  3.00  4.856724E-02    1.933844E-39
  3.00  4.905782E-02    1.924223E-39
  3.00  4.954840E-02    1.914602E-39
  3.00  5.003898E-02    1.904981E-39
  3.00  5.052956E-02    1.895360E-39
  3.00  5.102013E-02    1.885739E-39
  3.00  5.151071E-02    1.876118E-39
  3.00  5.200129E-02    1.866497E-39
  3.00  5.249187E-02    1.856876E-39
  3.00  5.298245E-02    1.847254E-39
  3.00  5.347303E-02    1.837633E-39
  3.00  5.396360E-02    1.828012E-39
  3.00  5.445418E-02    1.818391E-39
  3.00  5.494476E-02    1.808770E-39
  3.00  5.543534E-02    1.799149E-39
  3.00  5.592592E-02    1.789528E-39
  3.00  5.641650E-02    1.779907E-39
  3.00  5.690707E-02    1.770285E-39
  3.00  5.739765E-02    1.760664E-39
  3.00  5.788823E-02    1.751043E-39
  3.00  5.837881E-02    1.741422E-39
  3.00  5.886939E-02    1.731801E-39
  3.00  5.935996E-02    1.722180E-39
  3.00  5.985054E-02    1.712559E-39
  3.00  6.034112E-02    1.702938E-39
  3.00  6.083170E-02    1.693317E-39
  3.00  6.132228E-02    1.683695E-39
  3.00  6.181286E-02    1.674074E-39
  3.00  6.230343E-02    1.664453E-39
  3.00  6.279401E-02    1.654832E-39
  3.00  6.328459E-02    1.645211E-39
  3.00  6.377517E-02    1.635590E-39
  3.00  6.426575E-02    1.625969E-39
  3.00  6.475632E-02    1.616348E-39
  3.00  6.524690E-02    1.606726E-39
  3.00  6.573748E-02    1.597105E-39
  3.00  6.622806E-02    1.587484E-39
  3.00  6.671864E-02    1.577863E-39
  3.00  6.720922E-02    1.568242E-39
  3.00  6.769979E-02    1.558621E-39
  3.00  6.819037E-02    1.549000E-39
  3.00  6.868095E-02    1.539379E-39
  3.00  6.917153E-02    1.529758E-39
  3.00  6.966211E-02    1.520136E-39
  3.00  7.015269E-02    1.510515E-39
  3.00  7.064326E-02    1.500894E-39
  3.00  7.113384E-02    1.491273E-39
  3.00  7.162442E-02    1.481652E-39
  3.00  7.211500E-02    1.472031E-39
  3.00  7.260558E-02    1.462410E-39
  3.00  7.309615E-02    1.452789E-39
  3.00  7.358673E-02    1.443168E-39
  3.00  7.407731E-02    1.433546E-39
  3.00  7.456789E-02    1.423925E-39
  3.00  7.505847E-02    1.414304E-39
  3.00  7.554905E-02    1.404683E-39
  3.00  7.603962E-02    1.395062E-39
  3.00  7.653020E-02    1.385441E-39
  3.00  7.702078E-02    1.375820E-39
  3.00  7.751136E-02    1.366199E-39
  3.00  7.800194E-02    1.356577E-39
  3.00  7.849252E-02    1.346956E-39
  3.00  7.898309E-02    1.337335E-39
  3.00  7.947367E-02    1.327714E-39
  3.00  7.996425E-02    1.318093E-39
  3.00  8.045483E-02    1.308472E-39
  3.00  8.094541E-02    1.298851E-39
  3.00  8.143598E-02    1.289230E-39
  3.00  8.192656E-02    1.279609E-39
  3.00  8.241714E-02    1.269987E-39
  3.00  8.290772E-02    1.260366E-39
  3.00  8.339830E-02    1.250745E-39
  3.00  8.388888E-02    1.241124E-39
  3.00  8.437945E-02    1.231503E-39
  3.00  8.487003E-02    1.221882E-39
  3.00  8.536061E-02    1.212261E-39
  3.00  8.585119E-02    1.202640E-39
  3.00  8.634177E-02    1.193018E-39
  3.00  8.683234E-02    1.183397E-39
  3.00  8.732292E-02    1.173776E-39
  3.00  8.781350E-02    1.164155E-39
  3.00  8.830408E-02    1.154534E-39
  3.00  8.879466E-02    1.144913E-39
  3.00  8.928524E-02    1.135292E-39
  3.00  8.977581E-02    1.125671E-39
  3.00  9.026639E-02    1.116050E-39
  3.00  9.075697E-02    1.106428E-39
  3.00  9.124755E-02    1.096807E-39
  3.00  9.173813E-02    1.087186E-39
  3.00  9.222871E-02    1.077565E-39
  3.00  9.271928E-02    1.067944E-39
  3.00  9.320986E-02    1.058323E-39
  3.00  9.370044E-02    1.048702E-39
  3.00  9.419102E-02    1.039081E-39
  3.00  9.468160E-02    1.029459E-39
  3.00  9.517217E-02    1.019838E-39
  3.00  9.566275E-02    1.010217E-39
  3.00  9.615333E-02    1.000596E-39
  3.00  9.664391E-02    9.909750E-40
  3.00  9.713449E-02    9.813539E-40
  3.00  9.762507E-02    9.717328E-40
  3.00  9.811564E-02    9.621117E-40
  3.00  9.860622E-02    9.524906E-40
  3.00  9.909680E-02    9.428694E-40
  3.00  9.958738E-02    9.332483E-40
  3.00  1.000780E-01    9.236272E-40
  3.00  1.005685E-01    9.140061E-40
  3.00  1.010591E-01    9.043850E-40
  3.00  1.015497E-01    8.947639E-40
  3.00  1.020403E-01    8.851427E-40
  3.00  1.025308E-01    8.755216E-40
  3.00  1.030214E-01    8.659005E-40
  3.00  1.035120E-01    8.562794E-40
  3.00  1.040026E-01    8.466583E-40
  3.00  1.044932E-01    8.370372E-40
  3.00  1.049837E-01    8.274160E-40
  3.00  1.054743E-01    8.177949E-40
  3.00  1.059649E-01    8.081738E-40
  3.00  1.064555E-01    7.985527E-40
  3.00  1.069461E-01    7.889316E-40
  3.00  1.074366E-01    7.793105E-40
  3.00  1.079272E-01    7.696893E-40
  3.00  1.084178E-01    7.600682E-40
  3.00  1.089084E-01    7.504471E-40
  3.00  1.093989E-01    7.408260E-40
  3.00  1.098895E-01    7.312049E-40
  3.00  1.103801E-01    7.215838E-40
  3.00  1.108707E-01    7.119626E-40
  3.00  1.113613E-01    7.023415E-40
  3.00  1.118518E-01    6.927204E-40
  3.00  1.123424E-01    6.830993E-40
  3.00  1.128330E-01    6.734782E-40
  3.00  1.133236E-01    6.638571E-40
  3.00  1.138141E-01    6.542359E-40
  3.00  1.143047E-01    6.446148E-40
  3.00  1.147953E-01    6.349937E-40
  3.00  1.152859E-01    6.253726E-40
  3.00  1.157765E-01    6.157515E-40
  3.00  1.162670E-01    6.061304E-40
  3.00  1.167576E-01    5.965092E-40
  3.00  1.172482E-01    5.868881E-40
  3.00  1.177388E-01    5.772670E-40
  3.00  1.182294E-01    5.676459E-40
  3.00  1.187199E-01    5.580248E-40
  3.00  1.192105E-01    5.484037E-40
  3.00  1.197011E-01    5.387825E-40
  3.00  1.201917E-01    5.291614E-40
  3.00  1.206822E-01    5.195403E-40
  3.00  1.211728E-01    5.099192E-40
  3.00  1.216634E-01    5.002981E-40
  3.00  1.221540E-01    4.906770E-40
  3.00  1.226446E-01    4.810558E-40
  3.00  1.231351E-01    4.714347E-40
  3.00  1.236257E-01    4.618136E-40
  3.00  1.241163E-01    4.521925E-40
  3.00  1.246069E-01    4.425714E-40
  3.00  1.250974E-01    4.329503E-40
  3.00  1.255880E-01    4.233291E-40
  3.00  1.260786E-01    4.137080E-40
  3.00  1.265692E-01    4.040869E-40
  3.00  1.270598E-01    3.944658E-40
  3.00  1.275503E-01    3.848447E-40
  3.00  1.280409E-01    3.752236E-40
  3.00  1.285315E-01    3.656024E-40
  3.00  1.290221E-01    3.559813E-40
  3.00  1.295126E-01    3.463602E-40
  3.00  1.300032E-01    3.367391E-40
  3.00  1.304938E-01    3.271180E-40
  3.00  1.309844E-01    3.174969E-40
  3.00  1.314750E-01    3.078757E-40
  3.00  1.319655E-01    2.982546E-40
  3.00  1.324561E-01    2.886335E-40
  3.00  1.329467E-01    2.790124E-40
  3.00  1.334373E-01    2.693913E-40
  3.00  1.339279E-01    2.597702E-40
  3.00  1.344184E-01    2.501490E-40
  3.00  1.349090E-01    2.405279E-40
  3.00  1.353996E-01    2.309068E-40
  3.00  1.358902E-01    2.212857E-40
  3.00  1.363807E-01    2.116646E-40
  3.00  1.368713E-01    2.020435E-40
  3.00  1.373619E-01    1.924223E-40
  3.00  1.378525E-01    1.828012E-40
  3.00  1.383431E-01    1.731801E-40
  3.00  1.388336E-01    1.635590E-40
  3.00  1.393242E-01    1.539379E-40
  3.00  1.398148E-01    1.443168E-40
  3.00  1.403054E-01    1.346956E-40
  3.00  1.407959E-01    1.250745E-40
  3.00  1.412865E-01    1.154534E-40
  3.00  1.417771E-01    1.058323E-40
  3.00  1.422677E-01    9.621117E-41
  3.00  1.427583E-01    8.659005E-41
  3.00  1.432488E-01    7.696893E-41
  3.00  1.437394E-01    6.734782E-41
  3.00  1.442300E-01    5.772670E-41
  3.00  1.447206E-01    4.810558E-41
  3.00  1.452112E-01    3.848447E-41
  3.00  1.457017E-01    2.886335E-41
  3.00  1.461923E-01    1.924223E-41
  3.00  1.466829E-01    9.621117E-42
  3.00  1.471735E-01    0.000000E+00
  5.00  1.362673E-03    2.876714E-39
  5.00  2.725345E-03    2.867093E-39
  5.00  4.088018E-03    2.857472E-39
  5.00  5.450691E-03    2.847851E-39
  5.00  6.813364E-03    2.838229E-39
  5.00  8.176036E-03    2.828608E-39
  5.00  9.538709E-03    2.818987E-39
  5.00  1.090138E-02    2.809366E-39
  5.00  1.226405E-02    2.799745E-39
  5.00  1.362673E-02    2.790124E-39
  5.00  1.498940E-02    2.780503E-39
  5.00  1.635207E-02    2.770882E-39
  5.00  1.771475E-02    2.761261E-39
  5.00  1.907742E-02    2.751639E-39
  5.00  2.044009E-02    2.742018E-39
  5.00  2.180276E-02    2.732397E-39
  5.00  2.316544E-02    2.722776E-39
  5.00  2.452811E-02    2.713155E-39
  5.00  2.589078E-02    2.703534E-39
  5.00  2.725345E-02    2.693913E-39
  5.00  2.861613E-02    2.684292E-39
  5.00  2.997880E-02    2.674670E-39
  5.00  3.134147E-02    2.665049E-39
  5.00  3.270415E-02    2.655428E-39
  5.00  3.406682E-02    2.645807E-39
  5.00  3.542949E-02    2.636186E-39
  5.00  3.679216E-02    2.626565E-39
  5.00  3.815484E-02    2.616944E-39
  5.00  3.951751E-02    2.607323E-39
  5.00  4.088018E-02    2.597702E-39
  5.00  4.224285E-02    2.588080E-39
  5.00  4.360553E-02    2.578459E-39
  5.00  4.496820E-02    2.568838E-39
  5.00  4.633087E-02    2.559217E-39
  5.00  4.769354E-02    2.549596E-39
  5.00  4.905622E-02    2.539975E-39
  5.00  5.041889E-02    2.530354E-39
  5.00  5.178156E-02    2.520733E-39
  5.00  5.314424E-02    2.511111E-39
  5.00  5.450691E-02    2.501490E-39
  5.00  5.586958E-02    2.491869E-39
  5.00  5.723225E-02    2.482248E-39
  5.00  5.859493E-02    2.472627E-39
  5.00  5.995760E-02    2.463006E-39
  5.00  6.132027E-02    2.453385E-39
  5.00  6.268294E-02    2.443764E-39
  5.00  6.404562E-02    2.434143E-39
  5.00  6.540829E-02    2.424521E-39
  5.00  6.677096E-02    2.414900E-39
  5.00  6.813364E-02    2.405279E-39
  5.00  6.949631E-02    2.395658E-39
  5.00  7.085898E-02    2.386037E-39
  5.00  7.222165E-02    2.376416E-39
  5.00  7.358433E-02    2.366795E-39
  5.00  7.494700E-02    2.357174E-39
  5.00  7.630967E-02    2.347552E-39
  5.00  7.767234E-02    2.337931E-39
  5.00  7.903502E-02    2.328310E-39
  5.00  8.039769E-02    2.318689E-39
  5.00  8.176036E-02    2.309068E-39
  5.00  8.312304E-02    2.299447E-39
  5.00  8.448571E-02    2.289826E-39
  5.00  8.584838E-02    2.280205E-39
  5.00  8.721105E-02    2.270584E-39
  5.00  8.857373E-02    2.260962E-39
  5.00  8.993640E-02    2.251341E-39
  5.00  9.129907E-02    2.241720E-39
  5.00  9.266174E-02    2.232099E-39
  5.00  9.402442E-02    2.222478E-39
  5.00  9.538709E-02    2.212857E-39
  5.00  9.674976E-02    2.203236E-39
  5.00  9.811244E-02    2.193615E-39
  5.00  9.947511E-02    2.183993E-39
  5.00  1.008378E-01    2.174372E-39
  5.00  1.022005E-01    2.164751E-39
  5.00  1.035631E-01    2.155130E-39
  5.00  1.049258E-01    2.145509E-39
  5.00  1.062885E-01    2.135888E-39
  5.00  1.076511E-01    2.126267E-39
  5.00  1.090138E-01    2.116646E-39
  5.00  1.103765E-01    2.107025E-39
  5.00  1.117392E-01    2.097403E-39
  5.00  1.131018E-01    2.087782E-39
  5.00  1.144645E-01    2.078161E-39
  5.00  1.158272E-01    2.068540E-39
  5.00  1.171899E-01    2.058919E-39
  5.00  1.185525E-01    2.049298E-39
  5.00  1.199152E-01    2.039677E-39
  5.00  1.212779E-01    2.030056E-39
  5.00  1.226405E-01    2.020435E-39
  5.00  1.240032E-01    2.010813E-39
  5.00  1.253659E-01    2.001192E-39
  5.00  1.267286E-01    1.991571E-39
  5.00  1.280912E-01    1.981950E-39
  5.00  1.294539E-01    1.972329E-39
  5.00  1.308166E-01    1.962708E-39
  5.00  1.321793E-01    1.953087E-39
  5.00  1.335419E-01    1.943466E-39
  5.00  1.349046E-01    1.933844E-39
  5.00  1.362673E-01    1.924223E-39
  5.00  1.376299E-01    1.914602E-39
  5.00  1.389926E-01    1.904981E-39
  5.00  1.403553E-01    1.895360E-39
  5.00  1.417180E-01    1.885739E-39
  5.00  1.430806E-01    1.876118E-39
  5.00  1.444433E-01    1.866497E-39
  5.00  1.458060E-01    1.856876E-39
  5.00  1.471687E-01    1.847254E-39
  5.00  1.485313E-01    1.837633E-39
  5.00  1.498940E-01    1.828012E-39
  5.00  1.512567E-01    1.818391E-39
  5.00  1.526193E-01    1.808770E-39
  5.00  1.539820E-01    1.799149E-39
  5.00  1.553447E-01    1.789528E-39
  5.00  1.567074E-01    1.779907E-39
  5.00  1.580700E-01    1.770285E-39
  5.00  1.594327E-01    1.760664E-39
  5.00  1.607954E-01    1.751043E-39
  5.00  1.621581E-01    1.741422E-39
  5.00  1.635207E-01    1.731801E-39
  5.00  1.648834E-01    1.722180E-39
  5.00  1.662461E-01    1.712559E-39
  5.00  1.676087E-01    1.702938E-39
  5.00  1.689714E-01    1.693317E-39
  5.00  1.703341E-01    1.683695E-39
  5.00  1.716968E-01    1.674074E-39
  5.00  1.730594E-01    1.664453E-39
  5.00  1.744221E-01    1.654832E-39
  5.00  1.757848E-01    1.645211E-39
  5.00  1.771475E-01    1.635590E-39
  5.00  1.785101E-01    1.625969E-39
  5.00  1.798728E-01    1.616348E-39
  5.00  1.812355E-01    1.606726E-39
  5.00  1.825981E-01    1.597105E-39
  5.00  1.839608E-01    1.587484E-39
  5.00  1.853235E-01    1.577863E-39
  5.00  1.866862E-01    1.568242E-39
  5.00  1.880488E-01    1.558621E-39
  5.00  1.894115E-01    1.549000E-39
  5.00  1.907742E-01    1.539379E-39
  5.00  1.921369E-01    1.529758E-39
  5.00  1.934995E-01    1.520136E-39
  5.00  1.948622E-01    1.510515E-39
  5.00  1.962249E-01    1.500894E-39
  5.00  1.975875E-01    1.491273E-39
  5.00  1.989502E-01    1.481652E-39
  5.00  2.003129E-01    1.472031E-39
  5.00  2.016756E-01    1.462410E-39
  5.00  2.030382E-01    1.452789E-39
  5.00  2.044009E-01    1.443168E-39
  5.00  2.057636E-01    1.433546E-39
  5.00  2.071263E-01    1.423925E-39
  5.00  2.084889E-01    1.414304E-39
  5.00  2.098516E-01    1.404683E-39
  5.00  2.112143E-01    1.395062E-39
  5.00  2.125769E-01    1.385441E-39
  5.00  2.139396E-01    1.375820E-39
  5.00  2.153023E-01    1.366199E-39
  5.00  2.166650E-01    1.356577E-39
  5.00  2.180276E-01    1.346956E-39
  5.00  2.193903E-01    1.337335E-39
  5.00  2.207530E-01    1.327714E-39
  5.00  2.221157E-01    1.318093E-39
  5.00  2.234783E-01    1.308472E-39
  5.00  2.248410E-01    1.298851E-39
  5.00  2.262037E-01    1.289230E-39
  5.00  2.275663E-01    1.279609E-39
  5.00  2.289290E-01    1.269987E-39
  5.00  2.302917E-01    1.260366E-39
  5.00  2.316544E-01    1.250745E-39
  5.00  2.330170E-01    1.241124E-39
  5.00  2.343797E-01    1.231503E-39
  5.00  2.357424E-01    1.221882E-39
  5.00  2.371051E-01    1.212261E-39
  5.00  2.384677E-01    1.202640E-39
  5.00  2.398304E-01    1.193018E-39
  5.00  2.411931E-01    1.183397E-39
  5.00  2.425557E-01    1.173776E-39
  5.00  2.439184E-01    1.164155E-39
  5.00  2.452811E-01    1.154534E-39
  5.00  2.466438E-01    1.144913E-39
  5.00  2.480064E-01    1.135292E-39
  5.00  2.493691E-01    1.125671E-39
  5.00  2.507318E-01    1.116050E-39
  5.00  2.520945E-01    1.106428E-39
  5.00  2.534571E-01    1.096807E-39
  5.00  2.548198E-01    1.087186E-39
  5.00  2.561825E-01    1.077565E-39
  5.00  2.575451E-01    1.067944E-39
  5.00  2.589078E-01    1.058323E-39
  5.00  2.602705E-01    1.048702E-39
  5.00  2.616332E-01    1.039081E-39
  5.00  2.629958E-01    1.029459E-39
  5.00  2.643585E-01    1.019838E-39
  5.00  2.657212E-01    1.010217E-39
  5.00  2.670839E-01    1.000596E-39
  5.00  2.684465E-01    9.909750E-40
  5.00  2.698092E-01    9.813539E-40
  5.00  2.711719E-01    9.717328E-40
  5.00  2.725345E-01    9.621117E-40
  5.00  2.738972E-01    9.524906E-40
  5.00  2.752599E-01    9.428694E-40
  5.00  2.766226E-01    9.332483E-40
  5.00  2.779852E-01    9.236272E-40
  5.00  2.793479E-01    9.140061E-40
  5.00  2.807106E-01    9.043850E-40
  5.00  2.820733E-01    8.947639E-40
  5.00  2.834359E-01    8.851427E-40
  5.00  2.847986E-01    8.755216E-40
  5.00  2.861613E-01    8.659005E-40
  5.00  2.875239E-01    8.562794E-40
  5.00  2.888866E-01    8.466583E-40
  5.00  2.902493E-01    8.370372E-40
  5.00  2.916120E-01    8.274160E-40
  5.00  2.929746E-01    8.177949E-40
  5.00  2.943373E-01    8.081738E-40
  5.00  2.957000E-01    7.985527E-40
  5.00  2.970627E-01    7.889316E-40
  5.00  2.984253E-01    7.793105E-40
  5.00  2.997880E-01    7.696893E-40
  5.00  3.011507E-01    7.600682E-40
  5.00  3.025133E-01    7.504471E-40
  5.00  3.038760E-01    7.408260E-40
  5.00  3.052387E-01    7.312049E-40
  5.00  3.066014E-01    7.215838E-40
  5.00  3.079640E-01    7.119626E-40
  5.00  3.093267E-01    7.023415E-40
  5.00  3.106894E-01    6.927204E-40
  5.00  3.120521E-01    6.830993E-40
  5.00  3.134147E-01    6.734782E-40
  5.00  3.147774E-01    6.638571E-40
  5.00  3.161401E-01    6.542359E-40
  5.00  3.175027E-01    6.446148E-40
  5.00  3.188654E-01    6.349937E-40
  5.00  3.202281E-01    6.253726E-40
  5.00  3.215908E-01    6.157515E-40
  5.00  3.229534E-01    6.061304E-40
  5.00  3.243161E-01    5.965092E-40
  5.00  3.256788E-01    5.868881E-40
  5.00  3.270415E-01    5.772670E-40
  5.00  3.284041E-01    5.676459E-40
  5.00  3.297668E-01    5.580248E-40
  5.00  3.311295E-01    5.484037E-40
  5.00  3.324921E-01    5.387825E-40
  5.00  3.338548E-01    5.291614E-40
  5.00  3.352175E-01    5.195403E-40
  5.00  3.365802E-01    5.099192E-40
  5.00  3.379428E-01    5.002981E-40
  5.00  3.393055E-01    4.906770E-40
  5.00  3.406682E-01    4.810558E-40
  5.00  3.420309E-01    4.714347E-40
  5.00  3.433935E-01    4.618136E-40
  5.00  3.447562E-01    4.521925E-40
  5.00  3.461189E-01    4.425714E-40
  5.00  3.474815E-01    4.329503E-40
  5.00  3.488442E-01    4.233291E-40
  5.00  3.502069E-01    4.137080E-40
  5.00  3.515696E-01    4.040869E-40
  5.00  3.529322E-01    3.944658E-40
  5.00  3.542949E-01    3.848447E-40
  5.00  3.556576E-01    3.752236E-40
  5.00  3.570203E-01    3.656024E-40
  5.00  3.583829E-01    3.559813E-40
  5.00  3.597456E-01    3.463602E-40
  5.00  3.611083E-01    3.367391E-40
  5.00  3.624709E-01    3.271180E-40
  5.00  3.638336E-01    3.174969E-40
  5.00  3.651963E-01    3.078757E-40
  5.00  3.665590E-01    2.982546E-40
  5.00  3.679216E-01    2.886335E-40
  5.00  3.692843E-01    2.790124E-40
  5.00  3.706470E-01    2.693913E-40
  5.00  3.720096E-01    2.597702E-40
  5.00  3.733723E-01    2.501490E-40
  5.00  3.747350E-01    2.405279E-40
  5.00  3.760977E-01    2.309068E-40
  5.00  3.774603E-01    2.212857E-40
  5.00  3.788230E-01    2.116646E-40
  5.00  3.801857E-01    2.020435E-40
  5.00  3.815484E-01    1.924223E-40
  5.00  3.829110E-01    1.828012E-40
  5.00  3.842737E-01    1.731801E-40
  5.00  3.856364E-01    1.635590E-40
  5.00  3.869990E-01    1.539379E-40
  5.00  3.883617E-01    1.443168E-40
  5.00  3.897244E-01    1.346956E-40
  5.00  3.910871E-01    1.250745E-40
  5.00  3.924497E-01    1.154534E-40
  5.00  3.938124E-01    1.058323E-40
  5.00  3.951751E-01    9.621117E-41
  5.00  3.965378E-01    8.659005E-41
  5.00  3.979004E-01    7.696893E-41
  5.00  3.992631E-01    6.734782E-41
  5.00  4.006258E-01    5.772670E-41
  5.00  4.019884E-01    4.810558E-41
  5.00  4.033511E-01    3.848447E-41
  5.00  4.047138E-01    2.886335E-41
  5.00  4.060765E-01    1.924223E-41
  5.00  4.074391E-01    9.621117E-42
  5.00  4.088018E-01    0.000000E+00
  8.00  3.488271E-03    2.876714E-39
  8.00  6.976542E-03    2.867093E-39
  8.00  1.046481E-02    2.857472E-39
  8.00  1.395308E-02    2.847851E-39
  8.00  1.744136E-02    2.838229E-39
  8.00  2.092963E-02    2.828608E-39
  8.00  2.441790E-02    2.818987E-39
  8.00  2.790617E-02    2.809366E-39
  8.00  3.139444E-02    2.799745E-39
  8.00  3.488271E-02    2.790124E-39
  8.00  3.837098E-02    2.780503E-39
  8.00  4.185925E-02    2.770882E-39
  8.00  4.534752E-02    2.761261E-39
  8.00  4.883579E-02    2.751639E-39
  8.00  5.232407E-02    2.742018E-39
  8.00  5.581234E-02    2.732397E-39
  8.00  5.930061E-02    2.722776E-39
  8.00  6.278888E-02    2.713155E-39
  8.00  6.627715E-02    2.703534E-39
  8.00  6.976542E-02    2.693913E-39
  8.00  7.325369E-02    2.684292E-39
  8.00  7.674196E-02    2.674670E-39
  8.00  8.023023E-02    2.665049E-39
  8.00  8.371850E-02    2.655428E-39
  8.00  8.720678E-02    2.645807E-39
  8.00  9.069505E-02    2.636186E-39
  8.00  9.418332E-02    2.626565E-39
  8.00  9.767159E-02    2.616944E-39
  8.00  1.011599E-01    2.607323E-39
  8.00  1.046481E-01    2.597702E-39
  8.00  1.081364E-01    2.588080E-39
  8.00  1.116247E-01    2.578459E-39
  8.00  1.151129E-01    2.568838E-39
  8.00  1.186012E-01    2.559217E-39
  8.00  1.220895E-01    2.549596E-39
  8.00  1.255778E-01    2.539975E-39
  8.00  1.290660E-01    2.530354E-39
  8.00  1.325543E-01    2.520733E-39
  8.00  1.360426E-01    2.511111E-39
  8.00  1.395308E-01    2.501490E-39
  8.00  1.430191E-01    2.491869E-39
  8.00  1.465074E-01    2.482248E-39
  8.00  1.499957E-01    2.472627E-39
  8.00  1.534839E-01    2.463006E-39
  8.00  1.569722E-01    2.453385E-39
  8.00  1.604605E-01    2.443764E-39
  8.00  1.639487E-01    2.434143E-39
  8.00  1.674370E-01    2.424521E-39
  8.00  1.709253E-01    2.414900E-39
  8.00  1.744136E-01    2.405279E-39
  8.00  1.779018E-01    2.395658E-39
  8.00  1.813901E-01    2.386037E-39
  8.00  1.848784E-01    2.376416E-39
  8.00  1.883666E-01    2.366795E-39
  8.00  1.918549E-01    2.357174E-39
  8.00  1.953432E-01    2.347552E-39
  8.00  1.988314E-01    2.337931E-39
  8.00  2.023197E-01    2.328310E-39
  8.00  2.058080E-01    2.318689E-39
  8.00  2.092963E-01    2.309068E-39
  8.00  2.127845E-01    2.299447E-39
  8.00  2.162728E-01    2.289826E-39
  8.00  2.197611E-01    2.280205E-39
  8.00  2.232493E-01    2.270584E-39
  8.00  2.267376E-01    2.260962E-39
  8.00  2.302259E-01    2.251341E-39
  8.00  2.337142E-01    2.241720E-39
  8.00  2.372024E-01    2.232099E-39
  8.00  2.406907E-01    2.222478E-39
  8.00  2.441790E-01    2.212857E-39
  8.00  2.476672E-01    2.203236E-39
  8.00  2.511555E-01    2.193615E-39
  8.00  2.546438E-01    2.183993E-39
  8.00  2.581321E-01    2.174372E-39
  8.00  2.616203E-01    2.164751E-39
  8.00  2.651086E-01    2.155130E-39
  8.00  2.685969E-01    2.145509E-39
  8.00  2.720851E-01    2.135888E-39
  8.00  2.755734E-01    2.126267E-39
  8.00  2.790617E-01    2.116646E-39
  8.00  2.825500E-01    2.107025E-39
  8.00  2.860382E-01    2.097403E-39
  8.00  2.895265E-01    2.087782E-39
  8.00  2.930148E-01    2.078161E-39
  8.00  2.965030E-01    2.068540E-39
  8.00  2.999913E-01    2.058919E-39
  8.00  3.034796E-01    2.049298E-39
  8.00  3.069678E-01    2.039677E-39
  8.00  3.104561E-01    2.030056E-39
  8.00  3.139444E-01    2.020435E-39
  8.00  3.174327E-01    2.010813E-39
  8.00  3.209209E-01    2.001192E-39
  8.00  3.244092E-01    1.991571E-39
  8.00  3.278975E-01    1.981950E-39
  8.00  3.313857E-01    1.972329E-39
  8.00  3.348740E-01    1.962708E-39
  8.00  3.383623E-01    1.953087E-39
  8.00  3.418506E-01    1.943466E-39
  8.00  3.453388E-01    1.933844E-39
  8.00  3.488271E-01    1.924223E-39
  8.00  3.523154E-01    1.914602E-39
  8.00  3.558036E-01    1.904981E-39
  8.00  3.592919E-01    1.895360E-39
  8.00  3.627802E-01    1.885739E-39
  8.00  3.662685E-01    1.876118E-39
  8.00  3.697567E-01    1.866497E-39
  8.00  3.732450E-01    1.856876E-39
  8.00  3.767333E-01    1.847254E-39
  8.00  3.802215E-01    1.837633E-39
  8.00  3.837098E-01    1.828012E-39
  8.00  3.871981E-01    1.818391E-39
  8.00  3.906864E-01    1.808770E-39
  8.00  3.941746E-01    1.799149E-39
  8.00  3.976629E-01    1.789528E-39
  8.00  4.011512E-01    1.779907E-39
  8.00  4.046394E-01    1.770285E-39
  8.00  4.081277E-01    1.760664E-39
  8.00  4.116160E-01    1.751043E-39
  8.00  4.151043E-01    1.741422E-39
  8.00  4.185925E-01    1.731801E-39
  8.00  4.220808E-01    1.722180E-39
  8.00  4.255691E-01    1.712559E-39
  8.00  4.290573E-01    1.702938E-39
  8.00  4.325456E-01    1.693317E-39
  8.00  4.360339E-01    1.683695E-39
  8.00  4.395221E-01    1.674074E-39
  8.00  4.430104E-01    1.664453E-39
  8.00  4.464987E-01    1.654832E-39
  8.00  4.499870E-01    1.645211E-39
  8.00  4.534752E-01    1.635590E-39
  8.00  4.569635E-01    1.625969E-39
  8.00  4.604518E-01    1.616348E-39
  8.00  4.639400E-01    1.606726E-39
  8.00  4.674283E-01    1.597105E-39
  8.00  4.709166E-01    1.587484E-39
  8.00  4.744049E-01    1.577863E-39
  8.00  4.778931E-01    1.568242E-39
  8.00  4.813814E-01    1.558621E-39
  8.00  4.848697E-01    1.549000E-39
  8.00  4.883579E-01    1.539379E-39
  8.00  4.918462E-01    1.529758E-39
  8.00  4.953345E-01    1.520136E-39
  8.00  4.988228E-01    1.510515E-39
  8.00  5.023110E-01    1.500894E-39
  8.00  5.057993E-01    1.491273E-39
  8.00  5.092876E-01    1.481652E-39
  8.00  5.127758E-01    1.472031E-39
  8.00  5.162641E-01    1.462410E-39
  8.00  5.197524E-01    1.452789E-39
  8.00  5.232407E-01    1.443168E-39
  8.00  5.267289E-01    1.433546E-39
  8.00  5.302172E-01    1.423925E-39
  8.00  5.337055E-01    1.414304E-39
  8.00  5.371937E-01    1.404683E-39
  8.00  5.406820E-01    1.395062E-39
  8.00  5.441703E-01    1.385441E-39
  8.00  5.476585E-01    1.375820E-39
  8.00  5.511468E-01    1.366199E-39
  8.00  5.546351E-01    1.356577E-39
  8.00  5.581234E-01    1.346956E-39
  8.00  5.616116E-01    1.337335E-39
  8.00  5.650999E-01    1.327714E-39
  8.00  5.685882E-01    1.318093E-39
  8.00  5.720764E-01    1.308472E-39
  8.00  5.755647E-01    1.298851E-39
  8.00  5.790530E-01    1.289230E-39
  8.00  5.825413E-01    1.279609E-39
  8.00  5.860295E-01    1.269987E-39
  8.00  5.895178E-01    1.260366E-39
  8.00  5.930061E-01    1.250745E-39
  8.00  5.964943E-01    1.241124E-39
  8.00  5.999826E-01    1.231503E-39
  8.00  6.034709E-01    1.221882E-39
  8.00  6.069592E-01    1.212261E-39
  8.00  6.104474E-01    1.202640E-39
  8.00  6.139357E-01    1.193018E-39
  8.00  6.174240E-01    1.183397E-39
  8.00  6.209122E-01    1.173776E-39
  8.00  6.244005E-01    1.164155E-39
  8.00  6.278888E-01    1.154534E-39
  8.00  6.313771E-01    1.144913E-39
  8.00  6.348653E-01    1.135292E-39
  8.00  6.383536E-01    1.125671E-39
  8.00  6.418419E-01    1.116050E-39
  8.00  6.453301E-01    1.106428E-39
  8.00  6.488184E-01    1.096807E-39
  8.00  6.523067E-01    1.087186E-39
  8.00  6.557950E-01    1.077565E-39
  8.00  6.592832E-01    1.067944E-39
  8.00  6.627715E-01    1.058323E-39
  8.00  6.662598E-01    1.048702E-39
  8.00  6.697480E-01    1.039081E-39
  8.00  6.732363E-01    1.029459E-39
  8.00  6.767246E-01    1.019838E-39
  8.00  6.802128E-01    1.010217E-39
  8.00  6.837011E-01    1.000596E-39
  8.00  6.871894E-01    9.909750E-40
  8.00  6.906777E-01    9.813539E-40
  8.00  6.941659E-01    9.717328E-40
  8.00  6.976542E-01    9.621117E-40
  8.00  7.011425E-01    9.524906E-40
  8.00  7.046307E-01    9.428694E-40
  8.00  7.081190E-01    9.332483E-40
  8.00  7.116073E-01    9.236272E-40
  8.00  7.150956E-01    9.140061E-40
  8.00  7.185838E-01    9.043850E-40
  8.00  7.220721E-01    8.947639E-40
  8.00  7.255604E-01    8.851427E-40
  8.00  7.290486E-01    8.755216E-40
  8.00  7.325369E-01    8.659005E-40
  8.00  7.360252E-01    8.562794E-40
  8.00  7.395135E-01    8.466583E-40
  8.00  7.430017E-01    8.370372E-40
  8.00  7.464900E-01    8.274160E-40
  8.00  7.499783E-01    8.177949E-40
  8.00  7.534665E-01    8.081738E-40
  8.00  7.569548E-01    7.985527E-40
  8.00  7.604431E-01    7.889316E-40
  8.00  7.639314E-01    7.793105E-40
  8.00  7.674196E-01    7.696893E-40
  8.00  7.709079E-01    7.600682E-40
  8.00  7.743962E-01    7.504471E-40
  8.00  7.778844E-01    7.408260E-40
  8.00  7.813727E-01    7.312049E-40
  8.00  7.848610E-01    7.215838E-40
  8.00  7.883492E-01    7.119626E-40
  8.00  7.918375E-01    7.023415E-40
  8.00  7.953258E-01    6.927204E-40
  8.00  7.988141E-01    6.830993E-40
  8.00  8.023023E-01    6.734782E-40
  8.00  8.057906E-01    6.638571E-40
  8.00  8.092789E-01    6.542359E-40
  8.00  8.127671E-01    6.446148E-40
  8.00  8.162554E-01    6.349937E-40
  8.00  8.197437E-01    6.253726E-40
  8.00  8.232320E-01    6.157515E-40
  8.00  8.267202E-01    6.061304E-40
  8.00  8.302085E-01    5.965092E-40
  8.00  8.336968E-01    5.868881E-40
  8.00  8.371850E-01    5.772670E-40
  8.00  8.406733E-01    5.676459E-40
  8.00  8.441616E-01    5.580248E-40
  8.00  8.476499E-01    5.484037E-40
  8.00  8.511381E-01    5.387825E-40
  8.00  8.546264E-01    5.291614E-40
  8.00  8.581147E-01    5.195403E-40
  8.00  8.616029E-01    5.099192E-40
  8.00  8.650912E-01    5.002981E-40
  8.00  8.685795E-01    4.906770E-40
  8.00  8.720678E-01    4.810558E-40
  8.00  8.755560E-01    4.714347E-40
  8.00  8.790443E-01    4.618136E-40
  8.00  8.825326E-01    4.521925E-40
  8.00  8.860208E-01    4.425714E-40
  8.00  8.895091E-01    4.329503E-40
  8.00  8.929974E-01    4.233291E-40
  8.00  8.964857E-01    4.137080E-40
  8.00  8.999739E-01    4.040869E-40
  8.00  9.034622E-01    3.944658E-40
  8.00  9.069505E-01    3.848447E-40
  8.00  9.104387E-01    3.752236E-40
  8.00  9.139270E-01    3.656024E-40
  8.00  9.174153E-01    3.559813E-40
  8.00  9.209035E-01    3.463602E-40
  8.00  9.243918E-01    3.367391E-40
  8.00  9.278801E-01    3.271180E-40
  8.00  9.313684E-01    3.174969E-40
  8.00  9.348566E-01    3.078757E-40
  8.00  9.383449E-01    2.982546E-40
  8.00  9.418332E-01    2.886335E-40
  8.00  9.453214E-01    2.790124E-40
  8.00  9.488097E-01    2.693913E-40
  8.00  9.522980E-01    2.597702E-40
  8.00  9.557863E-01    2.501490E-40
  8.00  9.592745E-01    2.405279E-40
  8.00  9.627628E-01    2.309068E-40
  8.00  9.662511E-01    2.212857E-40
  8.00  9.697393E-01    2.116646E-40
  8.00  9.732276E-01    2.020435E-40
  8.00  9.767159E-01    1.924223E-40
  8.00  9.802042E-01    1.828012E-40
  8.00  9.836924E-01    1.731801E-40
  8.00  9.871807E-01    1.635590E-40
  8.00  9.906690E-01    1.539379E-40
  8.00  9.941572E-01    1.443168E-40
  8.00  9.976455E-01    1.346956E-40
  8.00  1.001134E+00    1.250745E-40
  8.00  1.004622E+00    1.154534E-40
  8.00  1.008110E+00    1.058323E-40
  8.00  1.011599E+00    9.621117E-41
  8.00  1.015087E+00    8.659005E-41
  8.00  1.018575E+00    7.696893E-41
  8.00  1.022063E+00    6.734782E-41
  8.00  1.025552E+00    5.772670E-41
  8.00  1.029040E+00    4.810558E-41
  8.00  1.032528E+00    3.848447E-41
  8.00  1.036016E+00    2.886335E-41
  8.00  1.039505E+00    1.924223E-41
  8.00  1.042993E+00    9.621117E-42
  8.00  1.046481E+00    0.000000E+00
