# E_nu[MeV]  T[keV]  dsigma_dT[cm^2/keV]  (F^2=1)
  3.00  1.612152E-03    7.011282E-41
  3.00  3.224305E-03    6.987833E-41
  3.00  4.836457E-03    6.964384E-41
  3.00  6.448609E-03    6.940934E-41
  3.00  8.060762E-03    6.917485E-41
  3.00  9.672914E-03    6.894036E-41
  3.00  1.128507E-02    6.870587E-41
  3.00  1.289722E-02    6.847138E-41
  3.00  1.450937E-02    6.823689E-41
  3.00  1.612152E-02    6.800240E-41
  3.00  1.773368E-02    6.776791E-41
  3.00  1.934583E-02    6.753342E-41
  3.00  2.095798E-02    6.729893E-41
  3.00  2.257013E-02    6.706443E-41
  3.00  2.418229E-02    6.682994E-41
  3.00  2.579444E-02    6.659545E-41
  3.00  2.740659E-02    6.636096E-41
  3.00  2.901874E-02    6.612647E-41
  3.00  3.063089E-02    6.589198E-41
  3.00  3.224305E-02    6.565749E-41
  3.00  3.385520E-02    6.542300E-41
  3.00  3.546735E-02    6.518851E-41
  3.00  3.707950E-02    6.495401E-41
  3.00  3.869166E-02    6.471952E-41
  3.00  4.030381E-02    6.448503E-41
  3.00  4.191596E-02    6.425054E-41
  3.00  4.352811E-02    6.401605E-41
  3.00  4.514027E-02    6.378156E-41
  3.00  4.675242E-02    6.354707E-41
  3.00  4.836457E-02    6.331258E-41
  3.00  4.997672E-02    6.307809E-41
  3.00  5.158888E-02    6.284360E-41
  3.00  5.320103E-02    6.260910E-41
  3.00  5.481318E-02    6.237461E-41
  3.00  5.642533E-02    6.214012E-41
  3.00  5.803748E-02    6.190563E-41
  3.00  5.964964E-02    6.167114E-41
  3.00  6.126179E-02    6.143665E-41
  3.00  6.287394E-02    6.120216E-41
  3.00  6.448609E-02    6.096767E-41
  3.00  6.609825E-02    6.073318E-41
  3.00  6.771040E-02    6.049869E-41
  3.00  6.932255E-02    6.026419E-41
  3.00  7.093470E-02    6.002970E-41
  3.00  7.254686E-02    5.979521E-41
  3.00  7.415901E-02    5.956072E-41
  3.00  7.577116E-02    5.932623E-41
  3.00  7.738331E-02    5.909174E-41
  3.00  7.899546E-02    5.885725E-41
  3.00  8.060762E-02    5.862276E-41
  3.00  8.221977E-02    5.838827E-41
  3.00  8.383192E-02    5.815378E-41
  3.00  8.544407E-02    5.791928E-41
  3.00  8.705623E-02    5.768479E-41
  3.00  8.866838E-02    5.745030E-41
  3.00  9.028053E-02    5.721581E-41
  3.00  9.189268E-02    5.698132E-41
  3.00  9.350484E-02    5.674683E-41
  3.00  9.511699E-02    5.651234E-41
  3.00  9.672914E-02    5.627785E-41
  3.00  9.834129E-02    5.604336E-41
  3.00  9.995345E-02    5.580886E-41
  3.00  1.015656E-01    5.557437E-41
  3.00  1.031778E-01    5.533988E-41
  3.00  1.047899E-01    5.510539E-41
  3.00  1.064021E-01    5.487090E-41
  3.00  1.080142E-01    5.463641E-41
  3.00  1.096264E-01    5.440192E-41
  3.00  1.112385E-01    5.416743E-41
  3.00  1.128507E-01    5.393294E-41
  3.00  1.144628E-01    5.369845E-41
  3.00  1.160750E-01    5.346395E-41
  3.00  1.176871E-01    5.322946E-41
  3.00  1.192993E-01    5.299497E-41
  3.00  1.209114E-01    5.276048E-41
  3.00  1.225236E-01    5.252599E-41
  3.00  1.241357E-01    5.229150E-41
  3.00  1.257479E-01    5.205701E-41
  3.00  1.273600E-01    5.182252E-41
  3.00  1.289722E-01    5.158803E-41
  3.00  1.305843E-01    5.135354E-41
  3.00  1.321965E-01    5.111904E-41
  3.00  1.338086E-01    5.088455E-41
  3.00  1.354208E-01    5.065006E-41
  3.00  1.370329E-01    5.041557E-41
  3.00  1.386451E-01    5.018108E-41
  3.00  1.402573E-01    4.994659E-41
  3.00  1.418694E-01    4.971210E-41
  3.00  1.434816E-01    4.947761E-41
  3.00  1.450937E-01    4.924312E-41
  3.00  1.467059E-01    4.900862E-41
  3.00  1.483180E-01    4.877413E-41
  3.00  1.499302E-01    4.853964E-41
  3.00  1.515423E-01    4.830515E-41
  3.00  1.531545E-01    4.807066E-41
  3.00  1.547666E-01    4.783617E-41
  3.00  1.563788E-01    4.760168E-41
  3.00  1.579909E-01    4.736719E-41
  3.00  1.596031E-01    4.713270E-41
  3.00  1.612152E-01    4.689821E-41
  3.00  1.628274E-01    4.666371E-41
  3.00  1.644395E-01    4.642922E-41
  3.00  1.660517E-01    4.619473E-41
  3.00  1.676638E-01    4.596024E-41
  3.00  1.692760E-01    4.572575E-41
  3.00  1.708881E-01    4.549126E-41
  3.00  1.725003E-01    4.525677E-41
  3.00  1.741125E-01    4.502228E-41
  3.00  1.757246E-01    4.478779E-41
  3.00  1.773368E-01    4.455330E-41
  3.00  1.789489E-01    4.431880E-41
  3.00  1.805611E-01    4.408431E-41
  3.00  1.821732E-01    4.384982E-41
  3.00  1.837854E-01    4.361533E-41
  3.00  1.853975E-01    4.338084E-41
  3.00  1.870097E-01    4.314635E-41
  3.00  1.886218E-01    4.291186E-41
  3.00  1.902340E-01    4.267737E-41
  3.00  1.918461E-01    4.244288E-41
  3.00  1.934583E-01    4.220839E-41
  3.00  1.950704E-01    4.197389E-41
  3.00  1.966826E-01    4.173940E-41
  3.00  1.982947E-01    4.150491E-41
  3.00  1.999069E-01    4.127042E-41
  3.00  2.015190E-01    4.103593E-41
  3.00  2.031312E-01    4.080144E-41
  3.00  2.047433E-01    4.056695E-41
  3.00  2.063555E-01    4.033246E-41
  3.00  2.079677E-01    4.009797E-41
  3.00  2.095798E-01    3.986347E-41
  3.00  2.111920E-01    3.962898E-41
  3.00  2.128041E-01    3.939449E-41
  3.00  2.144163E-01    3.916000E-41
  3.00  2.160284E-01    3.892551E-41
  3.00  2.176406E-01    3.869102E-41
  3.00  2.192527E-01    3.845653E-41
  3.00  2.208649E-01    3.822204E-41
  3.00  2.224770E-01    3.798755E-41
  3.00  2.240892E-01    3.775306E-41
  3.00  2.257013E-01    3.751856E-41
  3.00  2.273135E-01    3.728407E-41
  3.00  2.289256E-01    3.704958E-41
  3.00  2.305378E-01    3.681509E-41
  3.00  2.321499E-01    3.658060E-41
  3.00  2.337621E-01    3.634611E-41
  3.00  2.353742E-01    3.611162E-41
  3.00  2.369864E-01    3.587713E-41
  3.00  2.385985E-01    3.564264E-41
  3.00  2.402107E-01    3.540815E-41
  3.00  2.418229E-01    3.517365E-41
  3.00  2.434350E-01    3.493916E-41
  3.00  2.450472E-01    3.470467E-41
  3.00  2.466593E-01    3.447018E-41
  3.00  2.482715E-01    3.423569E-41
  3.00  2.498836E-01    3.400120E-41
  3.00  2.514958E-01    3.376671E-41
  3.00  2.531079E-01    3.353222E-41
  3.00  2.547201E-01    3.329773E-41
  3.00  2.563322E-01    3.306324E-41
  3.00  2.579444E-01    3.282874E-41
  3.00  2.595565E-01    3.259425E-41
  3.00  2.611687E-01    3.235976E-41
  3.00  2.627808E-01    3.212527E-41
  3.00  2.643930E-01    3.189078E-41
  3.00  2.660051E-01    3.165629E-41
  3.00  2.676173E-01    3.142180E-41
  3.00  2.692294E-01    3.118731E-41
  3.00  2.708416E-01    3.095282E-41
  3.00  2.724537E-01    3.071832E-41
  3.00  2.740659E-01    3.048383E-41
  3.00  2.756781E-01    3.024934E-41
  3.00  2.772902E-01    3.001485E-41
  3.00  2.789024E-01    2.978036E-41
  3.00  2.805145E-01    2.954587E-41
  3.00  2.821267E-01    2.931138E-41
  3.00  2.837388E-01    2.907689E-41
  3.00  2.853510E-01    2.884240E-41
  3.00  2.869631E-01    2.860791E-41
  3.00  2.885753E-01    2.837341E-41
  3.00  2.901874E-01    2.813892E-41
  3.00  2.917996E-01    2.790443E-41
  3.00  2.934117E-01    2.766994E-41
  3.00  2.950239E-01    2.743545E-41
  3.00  2.966360E-01    2.720096E-41
  3.00  2.982482E-01    2.696647E-41
  3.00  2.998603E-01    2.673198E-41
  3.00  3.014725E-01    2.649749E-41
  3.00  3.030846E-01    2.626300E-41
  3.00  3.046968E-01    2.602850E-41
  3.00  3.063089E-01    2.579401E-41
  3.00  3.079211E-01    2.555952E-41
  3.00  3.095333E-01    2.532503E-41
  3.00  3.111454E-01    2.509054E-41
  3.00  3.127576E-01    2.485605E-41
  3.00  3.143697E-01    2.462156E-41
  3.00  3.159819E-01    2.438707E-41
  3.00  3.175940E-01    2.415258E-41
  3.00  3.192062E-01    2.391808E-41
  3.00  3.208183E-01    2.368359E-41
  3.00  3.224305E-01    2.344910E-41
  3.00  3.240426E-01    2.321461E-41
  3.00  3.256548E-01    2.298012E-41
  3.00  3.272669E-01    2.274563E-41
  3.00  3.288791E-01    2.251114E-41
  3.00  3.304912E-01    2.227665E-41
  3.00  3.321034E-01    2.204216E-41
  3.00  3.337155E-01    2.180767E-41
  3.00  3.353277E-01    2.157317E-41
  3.00  3.369398E-01    2.133868E-41
  3.00  3.385520E-01    2.110419E-41
  3.00  3.401641E-01    2.086970E-41
  3.00  3.417763E-01    2.063521E-41
  3.00  3.433884E-01    2.040072E-41
  3.00  3.450006E-01    2.016623E-41
  3.00  3.466128E-01    1.993174E-41
  3.00  3.482249E-01    1.969725E-41
  3.00  3.498371E-01    1.946276E-41
  3.00  3.514492E-01    1.922826E-41
  3.00  3.530614E-01    1.899377E-41
  3.00  3.546735E-01    1.875928E-41
  3.00  3.562857E-01    1.852479E-41
  3.00  3.578978E-01    1.829030E-41
  3.00  3.595100E-01    1.805581E-41
  3.00  3.611221E-01    1.782132E-41
  3.00  3.627343E-01    1.758683E-41
  3.00  3.643464E-01    1.735234E-41
  3.00  3.659586E-01    1.711785E-41
  3.00  3.675707E-01    1.688335E-41
  3.00  3.691829E-01    1.664886E-41
  3.00  3.707950E-01    1.641437E-41
  3.00  3.724072E-01    1.617988E-41
  3.00  3.740193E-01    1.594539E-41
  3.00  3.756315E-01    1.571090E-41
  3.00  3.772436E-01    1.547641E-41
  3.00  3.788558E-01    1.524192E-41
  3.00  3.804680E-01    1.500743E-41
  3.00  3.820801E-01    1.477293E-41
  3.00  3.836923E-01    1.453844E-41
  3.00  3.853044E-01    1.430395E-41
  3.00  3.869166E-01    1.406946E-41
  3.00  3.885287E-01    1.383497E-41
  3.00  3.901409E-01    1.360048E-41
  3.00  3.917530E-01    1.336599E-41
  3.00  3.933652E-01    1.313150E-41
  3.00  3.949773E-01    1.289701E-41
  3.00  3.965895E-01    1.266252E-41
  3.00  3.982016E-01    1.242802E-41
  3.00  3.998138E-01    1.219353E-41
  3.00  4.014259E-01    1.195904E-41
  3.00  4.030381E-01    1.172455E-41
  3.00  4.046502E-01    1.149006E-41
  3.00  4.062624E-01    1.125557E-41
  3.00  4.078745E-01    1.102108E-41
  3.00  4.094867E-01    1.078659E-41
  3.00  4.110988E-01    1.055210E-41
  3.00  4.127110E-01    1.031761E-41
  3.00  4.143232E-01    1.008311E-41
  3.00  4.159353E-01    9.848623E-42
  3.00  4.175475E-01    9.614132E-42
  3.00  4.191596E-01    9.379641E-42
  3.00  4.207718E-01    9.145150E-42
  3.00  4.223839E-01    8.910659E-42
  3.00  4.239961E-01    8.676168E-42
  3.00  4.256082E-01    8.441677E-42
  3.00  4.272204E-01    8.207186E-42
  3.00  4.288325E-01    7.972695E-42
  3.00  4.304447E-01    7.738204E-42
  3.00  4.320568E-01    7.503713E-42
  3.00  4.336690E-01    7.269222E-42
  3.00  4.352811E-01    7.034731E-42
  3.00  4.368933E-01    6.800240E-42
  3.00  4.385054E-01    6.565749E-42
  3.00  4.401176E-01    6.331258E-42
  3.00  4.417297E-01    6.096767E-42
  3.00  4.433419E-01    5.862276E-42
  3.00  4.449540E-01    5.627785E-42
  3.00  4.465662E-01    5.393294E-42
  3.00  4.481784E-01    5.158803E-42
  3.00  4.497905E-01    4.924312E-42
  3.00  4.514027E-01    4.689821E-42
  3.00  4.530148E-01    4.455330E-42
  3.00  4.546270E-01    4.220839E-42
  3.00  4.562391E-01    3.986347E-42
  3.00  4.578513E-01    3.751856E-42
  3.00  4.594634E-01    3.517365E-42
  3.00  4.610756E-01    3.282874E-42
  3.00  4.626877E-01    3.048383E-42
  3.00  4.642999E-01    2.813892E-42
  3.00  4.659120E-01    2.579401E-42
  3.00  4.675242E-01    2.344910E-42
  3.00  4.691363E-01    2.110419E-42
  3.00  4.707485E-01    1.875928E-42
  3.00  4.723606E-01    1.641437E-42
  3.00  4.739728E-01    1.406946E-42
  3.00  4.755849E-01    1.172455E-42
  3.00  4.771971E-01    9.379641E-43
  3.00  4.788092E-01    7.034731E-43
  3.00  4.804214E-01    4.689821E-43
  3.00  4.820336E-01    2.344910E-43
  3.00  4.836457E-01    0.000000E+00
  5.00  4.477720E-03    7.011282E-41
  5.00  8.955439E-03    6.987833E-41
  5.00  1.343316E-02    6.964384E-41
  5.00  1.791088E-02    6.940934E-41
  5.00  2.238860E-02    6.917485E-41
  5.00  2.686632E-02    6.894036E-41
  5.00  3.134404E-02    6.870587E-41
  5.00  3.582176E-02    6.847138E-41
  5.00  4.029948E-02    6.823689E-41
  5.00  4.477720E-02    6.800240E-41
  5.00  4.925492E-02    6.776791E-41
  5.00  5.373264E-02    6.753342E-41
  5.00  5.821036E-02    6.729893E-41
  5.00  6.268808E-02    6.706443E-41
  5.00  6.716580E-02    6.682994E-41
  5.00  7.164352E-02    6.659545E-41
  5.00  7.612123E-02    6.636096E-41
  5.00  8.059895E-02    6.612647E-41
  5.00  8.507667E-02    6.589198E-41
  5.00  8.955439E-02    6.565749E-41
  5.00  9.403211E-02    6.542300E-41
  5.00  9.850983E-02    6.518851E-41
  5.00  1.029876E-01    6.495401E-41
  5.00  1.074653E-01    6.471952E-41
  5.00  1.119430E-01    6.448503E-41
  5.00  1.164207E-01    6.425054E-41
  5.00  1.208984E-01    6.401605E-41
  5.00  1.253762E-01    6.378156E-41
  5.00  1.298539E-01    6.354707E-41
  5.00  1.343316E-01    6.331258E-41
  5.00  1.388093E-01    6.307809E-41
  5.00  1.432870E-01    6.284360E-41
  5.00  1.477648E-01    6.260910E-41
  5.00  1.522425E-01    6.237461E-41
  5.00  1.567202E-01    6.214012E-41
  5.00  1.611979E-01    6.190563E-41
  5.00  1.656756E-01    6.167114E-41
  5.00  1.701533E-01    6.143665E-41
  5.00  1.746311E-01    6.120216E-41
  5.00  1.791088E-01    6.096767E-41
  5.00  1.835865E-01    6.073318E-41
  5.00  1.880642E-01    6.049869E-41
  5.00  1.925419E-01    6.026419E-41
  5.00  1.970197E-01    6.002970E-41
  5.00  2.014974E-01    5.979521E-41
  5.00  2.059751E-01    5.956072E-41
  5.00  2.104528E-01    5.932623E-41
  5.00  2.149305E-01    5.909174E-41
  5.00  2.194083E-01    5.885725E-41
  5.00  2.238860E-01    5.862276E-41
  5.00  2.283637E-01    5.838827E-41
  5.00  2.328414E-01    5.815378E-41
  5.00  2.373191E-01    5.791928E-41
  5.00  2.417969E-01    5.768479E-41
  5.00  2.462746E-01    5.745030E-41
  5.00  2.507523E-01    5.721581E-41
  5.00  2.552300E-01    5.698132E-41
  5.00  2.597077E-01    5.674683E-41
  5.00  2.641855E-01    5.651234E-41
  5.00  2.686632E-01    5.627785E-41
  5.00  2.731409E-01    5.604336E-41
  5.00  2.776186E-01    5.580886E-41
  5.00  2.820963E-01    5.557437E-41
  5.00  2.865741E-01    5.533988E-41
  5.00  2.910518E-01    5.510539E-41
  5.00  2.955295E-01    5.487090E-41
  5.00  3.000072E-01    5.463641E-41
  5.00  3.044849E-01    5.440192E-41
  5.00  3.089627E-01    5.416743E-41
  5.00  3.134404E-01    5.393294E-41
  5.00  3.179181E-01    5.369845E-41
  5.00  3.223958E-01    5.346395E-41
  5.00  3.268735E-01    5.322946E-41
  5.00  3.313513E-01    5.299497E-41
  5.00  3.358290E-01    5.276048E-41
  5.00  3.403067E-01    5.252599E-41
  5.00  3.447844E-01    5.229150E-41
  5.00  3.492621E-01    5.205701E-41
  5.00  3.537399E-01    5.182252E-41
  5.00  3.582176E-01    5.158803E-41
  5.00  3.626953E-01    5.135354E-41
  5.00  3.671730E-01    5.111904E-41
  5.00  3.716507E-01    5.088455E-41
  5.00  3.761285E-01    5.065006E-41
  5.00  3.806062E-01    5.041557E-41
  5.00  3.850839E-01    5.018108E-41
  5.00  3.895616E-01    4.994659E-41
  5.00  3.940393E-01    4.971210E-41
  5.00  3.985171E-01    4.947761E-41
  5.00  4.029948E-01    4.924312E-41
  5.00  4.074725E-01    4.900862E-41
  5.00  4.119502E-01    4.877413E-41
  5.00  4.164279E-01    4.853964E-41
  5.00  4.209057E-01    4.830515E-41
  5.00  4.253834E-01    4.807066E-41
  5.00  4.298611E-01    4.783617E-41
  5.00  4.343388E-01    4.760168E-41
  5.00  4.388165E-01    4.736719E-41
  5.00  4.432943E-01    4.713270E-41
  5.00  4.477720E-01    4.689821E-41
  5.00  4.522497E-01    4.666371E-41
  5.00  4.567274E-01    4.642922E-41
  5.00  4.612051E-01    4.619473E-41
  5.00  4.656828E-01    4.596024E-41
  5.00  4.701606E-01    4.572575E-41
  5.00  4.746383E-01    4.549126E-41
  5.00  4.791160E-01    4.525677E-41
  5.00  4.835937E-01    4.502228E-41
  5.00  4.880714E-01    4.478779E-41
  5.00  4.925492E-01    4.455330E-41
  5.00  4.970269E-01    4.431880E-41
  5.00  5.015046E-01    4.408431E-41
  5.00  5.059823E-01    4.384982E-41
  5.00  5.104600E-01    4.361533E-41
  5.00  5.149378E-01    4.338084E-41
  5.00  5.194155E-01    4.314635E-41
  5.00  5.238932E-01    4.291186E-41
  5.00  5.283709E-01    4.267737E-41
  5.00  5.328486E-01    4.244288E-41
  5.00  5.373264E-01    4.220839E-41
  5.00  5.418041E-01    4.197389E-41
  5.00  5.462818E-01    4.173940E-41
  5.00  5.507595E-01    4.150491E-41
  5.00  5.552372E-01    4.127042E-41
  5.00  5.597150E-01    4.103593E-41
  5.00  5.641927E-01    4.080144E-41
  5.00  5.686704E-01    4.056695E-41
  5.00  5.731481E-01    4.033246E-41
  5.00  5.776258E-01    4.009797E-41
  5.00  5.821036E-01    3.986347E-41
  5.00  5.865813E-01    3.962898E-41
  5.00  5.910590E-01    3.939449E-41
  5.00  5.955367E-01    3.916000E-41
  5.00  6.000144E-01    3.892551E-41
  5.00  6.044922E-01    3.869102E-41
  5.00  6.089699E-01    3.845653E-41
  5.00  6.134476E-01    3.822204E-41
  5.00  6.179253E-01    3.798755E-41
  5.00  6.224030E-01    3.775306E-41
  5.00  6.268808E-01    3.751856E-41
  5.00  6.313585E-01    3.728407E-41
  5.00  6.358362E-01    3.704958E-41
  5.00  6.403139E-01    3.681509E-41
  5.00  6.447916E-01    3.658060E-41
  5.00  6.492694E-01    3.634611E-41
  5.00  6.537471E-01    3.611162E-41
  5.00  6.582248E-01    3.587713E-41
  5.00  6.627025E-01    3.564264E-41
  5.00  6.671802E-01    3.540815E-41
  5.00  6.716580E-01    3.517365E-41
  5.00  6.761357E-01    3.493916E-41
  5.00  6.806134E-01    3.470467E-41
  5.00  6.850911E-01    3.447018E-41
  5.00  6.895688E-01    3.423569E-41
  5.00  6.940466E-01    3.400120E-41
  5.00  6.985243E-01    3.376671E-41
  5.00  7.030020E-01    3.353222E-41
  5.00  7.074797E-01    3.329773E-41
  5.00  7.119574E-01    3.306324E-41
  5.00  7.164352E-01    3.282874E-41
  5.00  7.209129E-01    3.259425E-41
  5.00  7.253906E-01    3.235976E-41
  5.00  7.298683E-01    3.212527E-41
  5.00  7.343460E-01    3.189078E-41
  5.00  7.388238E-01    3.165629E-41
  5.00  7.433015E-01    3.142180E-41
  5.00  7.477792E-01    3.118731E-41
  5.00  7.522569E-01    3.095282E-41
  5.00  7.567346E-01    3.071832E-41
  5.00  7.612123E-01    3.048383E-41
  5.00  7.656901E-01    3.024934E-41
  5.00  7.701678E-01    3.001485E-41
  5.00  7.746455E-01    2.978036E-41
  5.00  7.791232E-01    2.954587E-41
  5.00  7.836009E-01    2.931138E-41
  5.00  7.880787E-01    2.907689E-41
  5.00  7.925564E-01    2.884240E-41
  5.00  7.970341E-01    2.860791E-41
  5.00  8.015118E-01    2.837341E-41
  5.00  8.059895E-01    2.813892E-41
  5.00  8.104673E-01    2.790443E-41
  5.00  8.149450E-01    2.766994E-41
  5.00  8.194227E-01    2.743545E-41
  5.00  8.239004E-01    2.720096E-41
  5.00  8.283781E-01    2.696647E-41
  5.00  8.328559E-01    2.673198E-41
  5.00  8.373336E-01    2.649749E-41
  5.00  8.418113E-01    2.626300E-41
  5.00  8.462890E-01    2.602850E-41
  5.00  8.507667E-01    2.579401E-41
  5.00  8.552445E-01    2.555952E-41
  5.00  8.597222E-01    2.532503E-41
  5.00  8.641999E-01    2.509054E-41
  5.00  8.686776E-01    2.485605E-41
  5.00  8.731553E-01    2.462156E-41
  5.00  8.776331E-01    2.438707E-41
  5.00  8.821108E-01    2.415258E-41
  5.00  8.865885E-01    2.391808E-41
  5.00  8.910662E-01    2.368359E-41
  5.00  8.955439E-01    2.344910E-41
  5.00  9.000217E-01    2.321461E-41
  5.00  9.044994E-01    2.298012E-41
  5.00  9.089771E-01    2.274563E-41
  5.00  9.134548E-01    2.251114E-41
  5.00  9.179325E-01    2.227665E-41
  5.00  9.224103E-01    2.204216E-41
  5.00  9.268880E-01    2.180767E-41
  5.00  9.313657E-01    2.157317E-41
  5.00  9.358434E-01    2.133868E-41
  5.00  9.403211E-01    2.110419E-41
  5.00  9.447989E-01    2.086970E-41
  5.00  9.492766E-01    2.063521E-41
  5.00  9.537543E-01    2.040072E-41
  5.00  9.582320E-01    2.016623E-41
  5.00  9.627097E-01    1.993174E-41
  5.00  9.671875E-01    1.969725E-41
  5.00  9.716652E-01    1.946276E-41
  5.00  9.761429E-01    1.922826E-41
  5.00  9.806206E-01    1.899377E-41
  5.00  9.850983E-01    1.875928E-41
  5.00  9.895761E-01    1.852479E-41
  5.00  9.940538E-01    1.829030E-41
  5.00  9.985315E-01    1.805581E-41
  5.00  1.003009E+00    1.782132E-41
  5.00  1.007487E+00    1.758683E-41
  5.00  1.011965E+00    1.735234E-41
  5.00  1.016442E+00    1.711785E-41
  5.00  1.020920E+00    1.688335E-41
  5.00  1.025398E+00    1.664886E-41
  5.00  1.029876E+00    1.641437E-41
  5.00  1.034353E+00    1.617988E-41
  5.00  1.038831E+00    1.594539E-41
  5.00  1.043309E+00    1.571090E-41
  5.00  1.047786E+00    1.547641E-41
  5.00  1.052264E+00    1.524192E-41
  5.00  1.056742E+00    1.500743E-41
  5.00  1.061220E+00    1.477293E-41
  5.00  1.065697E+00    1.453844E-41
  5.00  1.070175E+00    1.430395E-41
  5.00  1.074653E+00    1.406946E-41
  5.00  1.079130E+00    1.383497E-41
  5.00  1.083608E+00    1.360048E-41
  5.00  1.088086E+00    1.336599E-41
  5.00  1.092564E+00    1.313150E-41
  5.00  1.097041E+00    1.289701E-41
  5.00  1.101519E+00    1.266252E-41
  5.00  1.105997E+00    1.242802E-41
  5.00  1.110474E+00    1.219353E-41
  5.00  1.114952E+00    1.195904E-41
  5.00  1.119430E+00    1.172455E-41
  5.00  1.123908E+00    1.149006E-41
  5.00  1.128385E+00    1.125557E-41
  5.00  1.132863E+00    1.102108E-41
  5.00  1.137341E+00    1.078659E-41
  5.00  1.141819E+00    1.055210E-41
  5.00  1.146296E+00    1.031761E-41
  5.00  1.150774E+00    1.008311E-41
  5.00  1.155252E+00    9.848623E-42
  5.00  1.159729E+00    9.614132E-42
  5.00  1.164207E+00    9.379641E-42
  5.00  1.168685E+00    9.145150E-42
  5.00  1.173163E+00    8.910659E-42
  5.00  1.177640E+00    8.676168E-42
  5.00  1.182118E+00    8.441677E-42
  5.00  1.186596E+00    8.207186E-42
  5.00  1.191073E+00    7.972695E-42
  5.00  1.195551E+00    7.738204E-42
  5.00  1.200029E+00    7.503713E-42
  5.00  1.204507E+00    7.269222E-42
  5.00  1.208984E+00    7.034731E-42
  5.00  1.213462E+00    6.800240E-42
  5.00  1.217940E+00    6.565749E-42
  5.00  1.222417E+00    6.331258E-42
  5.00  1.226895E+00    6.096767E-42
  5.00  1.231373E+00    5.862276E-42
  5.00  1.235851E+00    5.627785E-42
  5.00  1.240328E+00    5.393294E-42
  5.00  1.244806E+00    5.158803E-42
  5.00  1.249284E+00    4.924312E-42
  5.00  1.253762E+00    4.689821E-42
  5.00  1.258239E+00    4.455330E-42
  5.00  1.262717E+00    4.220839E-42
  5.00  1.267195E+00    3.986347E-42
  5.00  1.271672E+00    3.751856E-42
  5.00  1.276150E+00    3.517365E-42
  5.00  1.280628E+00    3.282874E-42
  5.00  1.285106E+00    3.048383E-42
  5.00  1.289583E+00    2.813892E-42
  5.00  1.294061E+00    2.579401E-42
  5.00  1.298539E+00    2.344910E-42
  5.00  1.303016E+00    2.110419E-42
  5.00  1.307494E+00    1.875928E-42
  5.00  1.311972E+00    1.641437E-42
  5.00  1.316450E+00    1.406946E-42
  5.00  1.320927E+00    1.172455E-42
  5.00  1.325405E+00    9.379641E-43
  5.00  1.329883E+00    7.034731E-43
  5.00  1.334360E+00    4.689821E-43
  5.00  1.338838E+00    2.344910E-43
  5.00  1.343316E+00    0.000000E+00
  8.00  1.146111E-02    7.011282E-41
  8.00  2.292223E-02    6.987833E-41
  8.00  3.438334E-02    6.964384E-41
  8.00  4.584446E-02    6.940934E-41
  8.00  5.730557E-02    6.917485E-41
  8.00  6.876669E-02    6.894036E-41
  8.00  8.022780E-02    6.870587E-41
  8.00  9.168892E-02    6.847138E-41
  8.00  1.031500E-01    6.823689E-41
  8.00  1.146111E-01    6.800240E-41
  8.00  1.260723E-01    6.776791E-41
  8.00  1.375334E-01    6.753342E-41
  8.00  1.489945E-01    6.729893E-41
  8.00  1.604556E-01    6.706443E-41
  8.00  1.719167E-01    6.682994E-41
  8.00  1.833778E-01    6.659545E-41
  8.00  1.948390E-01    6.636096E-41
  8.00  2.063001E-01    6.612647E-41
  8.00  2.177612E-01    6.589198E-41
  8.00  2.292223E-01    6.565749E-41
  8.00  2.406834E-01    6.542300E-41
  8.00  2.521445E-01    6.518851E-41
  8.00  2.636056E-01    6.495401E-41
  8.00  2.750668E-01    6.471952E-41
  8.00  2.865279E-01    6.448503E-41
  8.00  2.979890E-01    6.425054E-41
  8.00  3.094501E-01    6.401605E-41
  8.00  3.209112E-01    6.378156E-41
  8.00  3.323723E-01    6.354707E-41
  8.00  3.438334E-01    6.331258E-41
  8.00  3.552946E-01    6.307809E-41
  8.00  3.667557E-01    6.284360E-41
  8.00  3.782168E-01    6.260910E-41
  8.00  3.896779E-01    6.237461E-41
  8.00  4.011390E-01    6.214012E-41
  8.00  4.126001E-01    6.190563E-41
  8.00  4.240613E-01    6.167114E-41
  8.00  4.355224E-01    6.143665E-41
  8.00  4.469835E-01    6.120216E-41
  8.00  4.584446E-01    6.096767E-41
  8.00  4.699057E-01    6.073318E-41
  8.00  4.813668E-01    6.049869E-41
  8.00  4.928279E-01    6.026419E-41
  8.00  5.042891E-01    6.002970E-41
  8.00  5.157502E-01    5.979521E-41
  8.00  5.272113E-01    5.956072E-41
  8.00  5.386724E-01    5.932623E-41
  8.00  5.501335E-01    5.909174E-41
  8.00  5.615946E-01    5.885725E-41
  8.00  5.730557E-01    5.862276E-41
  8.00  5.845169E-01    5.838827E-41
  8.00  5.959780E-01    5.815378E-41
  8.00  6.074391E-01    5.791928E-41
  8.00  6.189002E-01    5.768479E-41
  8.00  6.303613E-01    5.745030E-41
  8.00  6.418224E-01    5.721581E-41
  8.00  6.532836E-01    5.698132E-41
  8.00  6.647447E-01    5.674683E-41
  8.00  6.762058E-01    5.651234E-41
  8.00  6.876669E-01    5.627785E-41
  8.00  6.991280E-01    5.604336E-41
  8.00  7.105891E-01    5.580886E-41
  8.00  7.220502E-01    5.557437E-41
  8.00  7.335114E-01    5.533988E-41
  8.00  7.449725E-01    5.510539E-41
  8.00  7.564336E-01    5.487090E-41
  8.00  7.678947E-01    5.463641E-41
  8.00  7.793558E-01    5.440192E-41
  8.00  7.908169E-01    5.416743E-41
  8.00  8.022780E-01    5.393294E-41
  8.00  8.137392E-01    5.369845E-41
  8.00  8.252003E-01    5.346395E-41
  8.00  8.366614E-01    5.322946E-41
  8.00  8.481225E-01    5.299497E-41
  8.00  8.595836E-01    5.276048E-41
  8.00  8.710447E-01    5.252599E-41
  8.00  8.825059E-01    5.229150E-41
  8.00  8.939670E-01    5.205701E-41
  8.00  9.054281E-01    5.182252E-41
  8.00  9.168892E-01    5.158803E-41
  8.00  9.283503E-01    5.135354E-41
  8.00  9.398114E-01    5.111904E-41
  8.00  9.512725E-01    5.088455E-41
  8.00  9.627337E-01    5.065006E-41
  8.00  9.741948E-01    5.041557E-41
  8.00  9.856559E-01    5.018108E-41
  8.00  9.971170E-01    4.994659E-41
  8.00  1.008578E+00    4.971210E-41
  8.00  1.020039E+00    4.947761E-41
  8.00  1.031500E+00    4.924312E-41
  8.00  1.042961E+00    4.900862E-41
  8.00  1.054423E+00    4.877413E-41
  8.00  1.065884E+00    4.853964E-41
  8.00  1.077345E+00    4.830515E-41
  8.00  1.088806E+00    4.807066E-41
  8.00  1.100267E+00    4.783617E-41
  8.00  1.111728E+00    4.760168E-41
  8.00  1.123189E+00    4.736719E-41
  8.00  1.134650E+00    4.713270E-41
  8.00  1.146111E+00    4.689821E-41
  8.00  1.157573E+00    4.666371E-41
  8.00  1.169034E+00    4.642922E-41
  8.00  1.180495E+00    4.619473E-41
  8.00  1.191956E+00    4.596024E-41
  8.00  1.203417E+00    4.572575E-41
  8.00  1.214878E+00    4.549126E-41
  8.00  1.226339E+00    4.525677E-41
  8.00  1.237800E+00    4.502228E-41
  8.00  1.249262E+00    4.478779E-41
  8.00  1.260723E+00    4.455330E-41
  8.00  1.272184E+00    4.431880E-41
  8.00  1.283645E+00    4.408431E-41
  8.00  1.295106E+00    4.384982E-41
  8.00  1.306567E+00    4.361533E-41
  8.00  1.318028E+00    4.338084E-41
  8.00  1.329489E+00    4.314635E-41
  8.00  1.340950E+00    4.291186E-41
  8.00  1.352412E+00    4.267737E-41
  8.00  1.363873E+00    4.244288E-41
  8.00  1.375334E+00    4.220839E-41
  8.00  1.386795E+00    4.197389E-41
  8.00  1.398256E+00    4.173940E-41
  8.00  1.409717E+00    4.150491E-41
  8.00  1.421178E+00    4.127042E-41
  8.00  1.432639E+00    4.103593E-41
  8.00  1.444100E+00    4.080144E-41
  8.00  1.455562E+00    4.056695E-41
  8.00  1.467023E+00    4.033246E-41
  8.00  1.478484E+00    4.009797E-41
  8.00  1.489945E+00    3.986347E-41
  8.00  1.501406E+00    3.962898E-41
  8.00  1.512867E+00    3.939449E-41
  8.00  1.524328E+00    3.916000E-41
  8.00  1.535789E+00    3.892551E-41
  8.00  1.547251E+00    3.869102E-41
  8.00  1.558712E+00    3.845653E-41
  8.00  1.570173E+00    3.822204E-41
  8.00  1.581634E+00    3.798755E-41
  8.00  1.593095E+00    3.775306E-41
  8.00  1.604556E+00    3.751856E-41
  8.00  1.616017E+00    3.728407E-41
  8.00  1.627478E+00    3.704958E-41
  8.00  1.638939E+00    3.681509E-41
  8.00  1.650401E+00    3.658060E-41
  8.00  1.661862E+00    3.634611E-41
  8.00  1.673323E+00    3.611162E-41
  8.00  1.684784E+00    3.587713E-41
  8.00  1.696245E+00    3.564264E-41
  8.00  1.707706E+00    3.540815E-41
  8.00  1.719167E+00    3.517365E-41
  8.00  1.730628E+00    3.493916E-41
  8.00  1.742089E+00    3.470467E-41
  8.00  1.753551E+00    3.447018E-41
  8.00  1.765012E+00    3.423569E-41
  8.00  1.776473E+00    3.400120E-41
  8.00  1.787934E+00    3.376671E-41
  8.00  1.799395E+00    3.353222E-41
  8.00  1.810856E+00    3.329773E-41
  8.00  1.822317E+00    3.306324E-41
  8.00  1.833778E+00    3.282874E-41
  8.00  1.845240E+00    3.259425E-41
  8.00  1.856701E+00    3.235976E-41
  8.00  1.868162E+00    3.212527E-41
  8.00  1.879623E+00    3.189078E-41
  8.00  1.891084E+00    3.165629E-41
  8.00  1.902545E+00    3.142180E-41
  8.00  1.914006E+00    3.118731E-41
  8.00  1.925467E+00    3.095282E-41
  8.00  1.936928E+00    3.071832E-41
  8.00  1.948390E+00    3.048383E-41
  8.00  1.959851E+00    3.024934E-41
  8.00  1.971312E+00    3.001485E-41
  8.00  1.982773E+00    2.978036E-41
  8.00  1.994234E+00    2.954587E-41
  8.00  2.005695E+00    2.931138E-41
  8.00  2.017156E+00    2.907689E-41
  8.00  2.028617E+00    2.884240E-41
  8.00  2.040078E+00    2.860791E-41
  8.00  2.051540E+00    2.837341E-41
  8.00  2.063001E+00    2.813892E-41
  8.00  2.074462E+00    2.790443E-41
  8.00  2.085923E+00    2.766994E-41
  8.00  2.097384E+00    2.743545E-41
  8.00  2.108845E+00    2.720096E-41
  8.00  2.120306E+00    2.696647E-41
  8.00  2.131767E+00    2.673198E-41
  8.00  2.143228E+00    2.649749E-41
  8.00  2.154690E+00    2.626300E-41
  8.00  2.166151E+00    2.602850E-41
  8.00  2.177612E+00    2.579401E-41
  8.00  2.189073E+00    2.555952E-41
  8.00  2.200534E+00    2.532503E-41
  8.00  2.211995E+00    2.509054E-41
  8.00  2.223456E+00    2.485605E-41
  8.00  2.234917E+00    2.462156E-41
  8.00  2.246379E+00    2.438707E-41
  8.00  2.257840E+00    2.415258E-41
  8.00  2.269301E+00    2.391808E-41
  8.00  2.280762E+00    2.368359E-41
  8.00  2.292223E+00    2.344910E-41
  8.00  2.303684E+00    2.321461E-41
  8.00  2.315145E+00    2.298012E-41
  8.00  2.326606E+00    2.274563E-41
  8.00  2.338067E+00    2.251114E-41
  8.00  2.349529E+00    2.227665E-41
  8.00  2.360990E+00    2.204216E-41
  8.00  2.372451E+00    2.180767E-41
  8.00  2.383912E+00    2.157317E-41
  8.00  2.395373E+00    2.133868E-41
  8.00  2.406834E+00    2.110419E-41
  8.00  2.418295E+00    2.086970E-41
  8.00  2.429756E+00    2.063521E-41
  8.00  2.441217E+00    2.040072E-41
  8.00  2.452679E+00    2.016623E-41
  8.00  2.464140E+00    1.993174E-41
  8.00  2.475601E+00    1.969725E-41
  8.00  2.487062E+00    1.946276E-41
  8.00  2.498523E+00    1.922826E-41
  8.00  2.509984E+00    1.899377E-41
  8.00  2.521445E+00    1.875928E-41
  8.00  2.532906E+00    1.852479E-41
  8.00  2.544368E+00    1.829030E-41
  8.00  2.555829E+00    1.805581E-41
  8.00  2.567290E+00    1.782132E-41
  8.00  2.578751E+00    1.758683E-41
  8.00  2.590212E+00    1.735234E-41
  8.00  2.601673E+00    1.711785E-41
  8.00  2.613134E+00    1.688335E-41
  8.00  2.624595E+00    1.664886E-41
  8.00  2.636056E+00    1.641437E-41
  8.00  2.647518E+00    1.617988E-41
  8.00  2.658979E+00    1.594539E-41
  8.00  2.670440E+00    1.571090E-41
  8.00  2.681901E+00    1.547641E-41
  8.00  2.693362E+00    1.524192E-41
  8.00  2.704823E+00    1.500743E-41
  8.00  2.716284E+00    1.477293E-41
  8.00  2.727745E+00    1.453844E-41
  8.00  2.739206E+00    1.430395E-41
  8.00  2.750668E+00    1.406946E-41
  8.00  2.762129E+00    1.383497E-41
  8.00  2.773590E+00    1.360048E-41
  8.00  2.785051E+00    1.336599E-41
  8.00  2.796512E+00    1.313150E-41
  8.00  2.807973E+00    1.289701E-41
  8.00  2.819434E+00    1.266252E-41
  8.00  2.830895E+00    1.242802E-41
  8.00  2.842357E+00    1.219353E-41
  8.00  2.853818E+00    1.195904E-41
  8.00  2.865279E+00    1.172455E-41
  8.00  2.876740E+00    1.149006E-41
  8.00  2.888201E+00    1.125557E-41
  8.00  2.899662E+00    1.102108E-41
  8.00  2.911123E+00    1.078659E-41
  8.00  2.922584E+00    1.055210E-41
  8.00  2.934045E+00    1.031761E-41
  8.00  2.945507E+00    1.008311E-41
  8.00  2.956968E+00    9.848623E-42
  8.00  2.968429E+00    9.614132E-42
  8.00  2.979890E+00    9.379641E-42
  8.00  2.991351E+00    9.145150E-42
  8.00  3.002812E+00    8.910659E-42
  8.00  3.014273E+00    8.676168E-42
  8.00  3.025734E+00    8.441677E-42
  8.00  3.037195E+00    8.207186E-42
  8.00  3.048657E+00    7.972695E-42
  8.00  3.060118E+00    7.738204E-42
  8.00  3.071579E+00    7.503713E-42
  8.00  3.083040E+00    7.269222E-42
  8.00  3.094501E+00    7.034731E-42
  8.00  3.105962E+00    6.800240E-42
  8.00  3.117423E+00    6.565749E-42
  8.00  3.128884E+00    6.331258E-42
  8.00  3.140345E+00    6.096767E-42
  8.00  3.151807E+00    5.862276E-42
  8.00  3.163268E+00    5.627785E-42
  8.00  3.174729E+00    5.393294E-42
  8.00  3.186190E+00    5.158803E-42
  8.00  3.197651E+00    4.924312E-42
  8.00  3.209112E+00    4.689821E-42
  8.00  3.220573E+00    4.455330E-42
  8.00  3.232034E+00    4.220839E-42
  8.00  3.243496E+00    3.986347E-42
  8.00  3.254957E+00    3.751856E-42
  8.00  3.266418E+00    3.517365E-42
  8.00  3.277879E+00    3.282874E-42
  8.00  3.289340E+00    3.048383E-42
  8.00  3.300801E+00    2.813892E-42
  8.00  3.312262E+00    2.579401E-42
  8.00  3.323723E+00    2.344910E-42
  8.00  3.335184E+00    2.110419E-42
  8.00  3.346646E+00    1.875928E-42
  8.00  3.358107E+00    1.641437E-42
  8.00  3.369568E+00    1.406946E-42
  8.00  3.381029E+00    1.172455E-42
  8.00  3.392490E+00    9.379641E-43
  8.00  3.403951E+00    7.034731E-43
  8.00  3.415412E+00    4.689821E-43
  8.00  3.426873E+00    2.344910E-43
  8.00  3.438334E+00    1.250458E-56
