# EEE =   0.990000   n_T = 800   NE_HI = 30
# T_keV                w_T[ev/(kg dia)]        n_F   p_F                     lambda_creados
  2.000000000000E-01    3.36652033602598E-01       1    3.66662070403281E-01    4.50012552699932E-01
  2.041301627034E-01    6.59207234480098E-01       1    4.18348664803150E-01    4.80503897611051E-01
  2.082603254068E-01    6.45528540840414E-01       1    4.65640862757360E-01    5.12054837713083E-01
  2.123904881101E-01    6.32251778749304E-01       1    5.12943861471576E-01    5.44646055261204E-01
  2.165206508135E-01    6.19360919076660E-01       1    5.60235709110072E-01    5.78244821760684E-01
  2.206508135169E-01    6.06836448707633E-01       1    6.07531296877595E-01    6.12834089064489E-01
  2.247809762203E-01    5.94666286506407E-01       1    6.54830555462784E-01    6.48389113675632E-01
  2.289111389237E-01    5.82833499665705E-01       1    7.02122753416994E-01    6.84875661578569E-01
  2.330413016270E-01    5.71322878390679E-01       1    7.32015490012721E-01    7.22274485375037E-01
  2.371714643304E-01    5.60122505299597E-01       1    7.54553708963785E-01    7.60542599928964E-01
  2.413016270338E-01    5.49225193940230E-01       1    7.77092161474913E-01    7.99654494030459E-01
  2.454317897372E-01    5.38612849341413E-01       1    7.99636071265603E-01    8.39584291141397E-01
  2.495619524406E-01    5.28278937366966E-01       1    8.22174523776731E-01    8.80286765834129E-01
  2.536921151439E-01    5.18212397727964E-01       1    8.44717795697084E-01    9.21737451924699E-01
  2.578222778473E-01    5.08401967215735E-01       1    8.60697725881720E-01    9.63892338733465E-01
  2.619524405507E-01    4.98841656031165E-01       1    8.56011573905181E-01    1.00672225841713E+00
  2.660826032541E-01    4.89519319994636E-01       1    8.51207356025175E-01    1.05020014881979E+00
  2.702127659574E-01    4.80429160690918E-01       1    8.46404300824595E-01    1.09427884757880E+00
  2.743429286608E-01    4.71562477229443E-01       1    8.41601245624016E-01    1.13893074156916E+00
  2.784730913642E-01    4.62909535977131E-01       1    8.36797027744010E-01    1.18412139309885E+00
  2.826032540676E-01    4.54468719420773E-01       1    8.31993972543430E-01    1.22981033925185E+00
  2.867334167710E-01    4.46227395838926E-01       2    8.28096155175159E-01    1.27597448505374E+00
  2.908635794743E-01    4.38180555237935E-01       2    8.24471857795587E-01    1.32257876092733E+00
  2.949937421777E-01    4.30325319086323E-01       2    8.20848026003968E-01    1.36958762808140E+00
  2.991239048811E-01    4.22651618564740E-01       2    8.17223316563681E-01    1.41697688930224E+00
  3.032540675845E-01    4.15154086704794E-01       2    8.13599484772062E-01    1.46469990800402E+00
  3.073842302879E-01    4.07828897936340E-01       2    8.09975138379198E-01    1.51274377883567E+00
  3.115143929912E-01    4.00671523443073E-01       2    8.08845694444611E-01    1.56107529453838E+00
  3.156445556946E-01    3.93674882137700E-01       2    8.13527947601967E-01    1.60966511025458E+00
  3.197747183980E-01    3.86834339395525E-01       2    8.18210800288638E-01    1.65849650364482E+00
  3.239048811014E-01    3.80145418858588E-01       2    8.22893406607028E-01    1.70752263247436E+00
  3.280350438048E-01    3.73603796182490E-01       2    8.27575772161374E-01    1.75672981485463E+00
  3.321652065081E-01    3.67205293073594E-01       2    8.32258865612090E-01    1.80610411822769E+00
  3.362953692115E-01    3.60946779015752E-01       2    8.36877612231455E-01    1.85561018117888E+00
  3.404255319149E-01    3.54823389799720E-01       2    8.39232720217132E-01    1.90523449014385E+00
  3.445556946183E-01    3.48831121698671E-01       2    8.41043675495771E-01    1.95495888107942E+00
  3.486858573217E-01    3.42966343733107E-01       2    8.42854268313861E-01    2.00474251302920E+00
  3.528160200250E-01    3.37225544167198E-01       2    8.44665942485352E-01    2.05459072933680E+00
  3.569461827284E-01    3.31605326032576E-01       2    8.46476358381162E-01    2.10447335532312E+00
  3.610763454318E-01    3.26102402848621E-01       3    8.48287484908939E-01    2.15437996099566E+00
  3.652065081352E-01    3.20713594529193E-01       3    8.49685264156238E-01    2.20430080984802E+00
  3.693366708385E-01    3.15435823466332E-01       3    8.50364625886596E-01    2.25420436886168E+00
  3.734668335419E-01    3.10266388597671E-01       3    8.51043352975419E-01    2.30408354411452E+00
  3.775969962453E-01    3.05202992140755E-01       3    8.51722514077320E-01    2.35392617766805E+00
  3.817271589487E-01    3.00242132292085E-01       3    8.52401469683995E-01    2.40372137790579E+00
  3.858573216521E-01    2.95381094171839E-01       3    8.53080402268044E-01    2.45346458461717E+00
  3.899874843554E-01    2.90617248690438E-01       3    8.53753302555228E-01    2.50313414608000E+00
  3.941176470588E-01    2.85948049497964E-01       3    8.53971058260625E-01    2.55271601282997E+00
  3.982478097622E-01    2.81371030058869E-01       3    8.54129188890419E-01    2.60221229211262E+00
  4.023779724656E-01    2.76883841900885E-01       3    8.54286281242702E-01    2.65160696428964E+00
  4.065081351690E-01    2.72486278929387E-01       3    8.54444386846417E-01    2.70089894124897E+00
  4.106382978723E-01    2.68174030865666E-01       3    8.54602504224779E-01    2.75008073973210E+00
  4.147684605757E-01    2.63944915489699E-01       3    8.54760596577061E-01    2.79914022765845E+00
  4.188986232791E-01    2.59796817835363E-01       3    8.55148873087258E-01    2.84806786464945E+00
  4.230287859825E-01    2.55729156519050E-01       3    8.55843350206213E-01    2.89686008553897E+00
  4.271589486859E-01    2.51739720209786E-01       3    8.56537905182436E-01    2.94551865943965E+00
  4.312891113892E-01    2.47825382496709E-01       3    8.57232472591765E-01    2.99403662407074E+00
  4.354192740926E-01    2.43984269029680E-01       4    8.57926840159051E-01    3.04240750972489E+00
  4.395494367960E-01    2.40217436481774E-01       4    8.58620583756371E-01    3.09062885373026E+00
  4.436795994994E-01    2.36520405158634E-01       4    8.59333225471518E-01    3.13868675515905E+00
  4.478097622028E-01    2.32891328386459E-01       4    8.60470479367151E-01    3.18658882404467E+00
  4.519399249061E-01    2.29331274120219E-01       4    8.61643743513979E-01    3.23433726160628E+00
  4.560700876095E-01    2.25836411970751E-01       4    8.62816917537900E-01    3.28191989372790E+00
  4.602002503129E-01    2.22404825222501E-01       4    8.63989558228565E-01    3.32933986937731E+00
  4.643304130163E-01    2.19038087460604E-01       4    8.65163355708648E-01    3.37659134826089E+00
  4.684605757196E-01    2.15731459443169E-01       4    8.66336629186175E-01    3.42366921498463E+00
  4.725907384230E-01    2.12485200055757E-01       4    8.67023839011854E-01    3.47058357442503E+00
  4.767209011264E-01    2.09298065170986E-01       4    8.67213985219049E-01    3.51732521525752E+00
  4.808510638298E-01    2.06167135560541E-01       4    8.67404297566935E-01    3.56389700003076E+00
  4.849812265332E-01    2.03094151438560E-01       4    8.67595313331685E-01    3.61030143666170E+00
  4.891113892365E-01    2.00074449839672E-01       4    8.67785469636944E-01    3.65652255674623E+00
  4.932415519399E-01    1.97109883099597E-01       4    8.67975644993143E-01    3.70257493656157E+00
  4.973717146433E-01    1.94196771473165E-01       4    8.68192937146313E-01    3.74845533964804E+00
  5.015018773467E-01    1.91335896282411E-01       4    8.68628829207220E-01    3.79416347583371E+00
  5.056320400501E-01    1.88524681587147E-01       4    8.69085171871538E-01    3.83970359102608E+00
  5.097622027534E-01    1.85763274067333E-01       4    8.69540687384350E-01    3.88506665740055E+00
  5.138923654568E-01    1.83049495552313E-01       5    8.69996955710188E-01    3.93025447743482E+00
  5.180225281602E-01    1.80383523567218E-01       5    8.70452828457821E-01    3.97527604769821E+00
  5.221526908636E-01    1.77762940610933E-01       5    8.70908343970633E-01    4.02012580281377E+00
  5.262828535670E-01    1.75188554315379E-01       5    8.71200734554557E-01    4.06481060534503E+00
  5.304130162703E-01    1.72657134960790E-01       5    8.71363649984559E-01    4.10932504216835E+00
  5.345431789737E-01    1.70170657872881E-01       5    8.71526434983237E-01    4.15366739208428E+00
  5.386733416771E-01    1.67725274149473E-01       5    8.71689213135524E-01    4.19784556218131E+00
  5.428035043805E-01    1.65322488574071E-01       5    8.71852435235603E-01    4.24185674850242E+00
  5.469336670839E-01    1.62959905333084E-01       5    8.72015363901354E-01    4.28570625392491E+00
  5.510638297872E-01    1.60637045335562E-01       5    8.72224362952837E-01    4.32939471299404E+00
  5.551939924906E-01    1.58353976745160E-01       5    8.72888786216879E-01    4.37292014180255E+00
  5.593241551940E-01    1.56108193848738E-01       5    8.73553339583166E-01    4.41628229976236E+00
  5.634543178974E-01    1.53900960868945E-01       5    8.74218426537102E-01    4.45948505187953E+00
  5.675844806008E-01    1.51730118587167E-01       5    8.74883216637851E-01    4.50253131505401E+00
  5.717146433041E-01    1.49594634321273E-01       5    8.75547800530739E-01    4.54542441454975E+00
  5.758448060075E-01    1.47495793447291E-01       5    8.76212326874759E-01    4.58816188188730E+00
  5.799749687109E-01    1.45430815856455E-01       5    8.76295015018773E-01    4.63074416207149E+00
  5.841051314143E-01    1.43399413904389E-01       5    8.76027757700372E-01    4.67317459932626E+00
  5.882352941176E-01    1.41402338972727E-01       5    8.75760565317036E-01    4.71545362806198E+00
  5.923654568210E-01    1.39437259485579E-01       5    8.75493307998635E-01    4.75758671530860E+00
  5.964956195244E-01    1.37503640681672E-01       5    8.75226115615298E-01    4.79957227392706E+00
  6.006257822278E-01    1.35602621762968E-01       6    8.74957966145310E-01    4.84141223346289E+00
  6.047559449312E-01    1.33731842933502E-01       6    8.74853600737251E-01    4.88310746442976E+00
  6.088861076345E-01    1.31890769776880E-01       6    8.75487332784402E-01    4.92465765853350E+00
  6.130162703379E-01    1.30079812306797E-01       6    8.76138544766115E-01    4.96606843077791E+00
  6.171464330413E-01    1.28298081774508E-01       6    8.76790752585469E-01    5.00734102683569E+00
  6.212765957447E-01    1.26544438195343E-01       6    8.77442883538634E-01    5.04847529512171E+00
  6.254067584481E-01    1.24818387741963E-01       6    8.78095172386536E-01    5.08947573109996E+00
  6.295369211514E-01    1.23120539005865E-01       6    8.78747303339701E-01    5.13033522973140E+00
  6.336670838548E-01    1.21449492057753E-01       6    8.79219512409993E-01    5.17106256584070E+00
  6.377972465582E-01    1.19804545031139E-01       6    8.79611015223233E-01    5.21166060896952E+00
  6.419274092616E-01    1.18185241455660E-01       6    8.80002146601571E-01    5.25212786070176E+00
  6.460575719650E-01    1.16591768138429E-01       6    8.80392925839459E-01    5.29246819549010E+00
  6.501877346683E-01    1.15023476225338E-01       6    8.80784410378831E-01    5.33267886999738E+00
  6.543178973717E-01    1.13479449919101E-01       6    8.81175741445433E-01    5.37276120515538E+00
  6.584480600751E-01    1.11959267149620E-01       6    8.81533458719332E-01    5.41272216886995E+00
  6.625782227785E-01    1.10462513577920E-01       6    8.81774420325475E-01    5.45255915640827E+00
  6.667083854819E-01    1.08989339242379E-01       6    8.82014394504759E-01    5.49227589036305E+00
  6.708385481852E-01    1.07539066542141E-01       6    8.82255401637556E-01    5.53187362276418E+00
  6.749687108886E-01    1.06110975229320E-01       6    8.82495363243699E-01    5.57134948879624E+00
  6.790988735920E-01    1.04704682058294E-01       6    8.82736364743720E-01    5.61070860884657E+00
  6.832290362954E-01    1.03319810783854E-01       6    8.82977344555780E-01    5.64995255614280E+00
  6.873591989987E-01    1.01955992031575E-01       6    8.83020335890643E-01    5.68908182658821E+00
  6.914893617021E-01    1.00613236565527E-01       6    8.82998745800672E-01    5.72809979664530E+00
  6.956195244055E-01    9.92910470056668E-02       7    8.82977141031553E-01    5.76700475162158E+00
  6.997496871089E-01    9.79888007490425E-02       7    8.82955379487517E-01    5.80579674382587E+00
  7.038798498123E-01    9.67061560117679E-02       7    8.82933613158793E-01    5.84448117580112E+00
  7.080100125156E-01    9.54427772350347E-02       7    8.82911851614758E-01    5.88305695230786E+00
  7.121401752190E-01    9.41983349703359E-02       7    8.82874341144134E-01    5.92152783174306E+00
  7.162703379224E-01    9.29725057668551E-02       7    8.82796391576278E-01    5.95989245894586E+00
  7.204005006258E-01    9.17649720609698E-02       7    8.82719248791851E-01    5.99815208679309E+00
  7.245306633292E-01    9.05754941310909E-02       7    8.82641926924206E-01    6.03630849009328E+00
  7.286608260325E-01    8.94039780882015E-02       7    8.82564137300813E-01    6.07436306937104E+00
  7.327909887359E-01    8.82498077245632E-02       7    8.82486473532237E-01    6.11231729277528E+00
  7.369211514393E-01    8.71126890623573E-02       7    8.82411799540951E-01    6.15017277423200E+00
  7.410513141427E-01    8.59923334605981E-02       7    8.82436655949807E-01    6.18792943954040E+00
  7.451814768461E-01    8.48884575170668E-02       7    8.82487483652241E-01    6.22558849909275E+00
  7.493116395494E-01    8.38007829720620E-02       7    8.82538299051189E-01    6.26315024402189E+00
  7.534418022528E-01    8.27290366139285E-02       7    8.82589114450137E-01    6.30061722598536E+00
  7.575719649562E-01    8.16729501863324E-02       7    8.82639942152571E-01    6.33799163736212E+00
  7.617021276596E-01    8.06322602972471E-02       7    8.82690757551519E-01    6.37527305837426E+00
  7.658322903630E-01    7.96067083296111E-02       7    8.82761123826123E-01    6.41246271603851E+00
  7.699624530663E-01    7.85960403536343E-02       7    8.82867601342074E-01    6.44955956734606E+00
  7.740926157697E-01    7.76000070407093E-02       7    8.82974678331681E-01    6.48656661988499E+00
  7.782227784731E-01    7.66183635789040E-02       7    8.83081981259041E-01    6.52348594079915E+00
  7.823529411765E-01    7.56508695900008E-02       7    8.83189258212376E-01    6.56031741491035E+00
  7.864831038798E-01    7.46972890480554E-02       7    8.83295537583744E-01    6.59706168113481E+00
  7.906132665832E-01    7.37573901994414E-02       8    8.83402838093071E-01    6.63372068471531E+00
  7.947434292866E-01    7.28309454843570E-02       8    8.83655027485656E-01    6.67029256242936E+00
  7.988735919900E-01    7.19177314597603E-02       8    8.83926079911791E-01    6.70678134391501E+00
  8.030037546934E-01    7.10175287237128E-02       8    8.84197124026359E-01    6.74318722385444E+00
  8.071339173967E-01    7.01301218410955E-02       8    8.84468139487415E-01    6.77951051688922E+00
  8.112640801001E-01    6.92552992706818E-02       8    8.84739220567062E-01    6.81575304662532E+00
  8.153942428035E-01    6.83928532935320E-02       8    8.85010236028118E-01    6.85191365038118E+00
  8.195244055069E-01    6.75425799426893E-02       8    8.85214526549089E-01    6.88799426808453E+00
  8.236545682103E-01    6.67042789341551E-02       8    8.85325635106084E-01    6.92399641021061E+00
  8.277847309136E-01    6.58777535991126E-02       8    8.85436061679115E-01    6.95992073589850E+00
  8.319148936170E-01    6.50628108173837E-02       8    8.85546861825744E-01    6.99576803814158E+00
  8.360450563204E-01    6.42592609520893E-02       8    8.85657961856798E-01    7.03153906070749E+00
  8.401752190238E-01    6.34669177854952E-02       8    8.85768858346515E-01    7.06723267528554E+00
  8.443053817272E-01    6.26855984560206E-02       8    8.85865543738456E-01    7.10285152706360E+00
  8.484355444305E-01    6.19151233963862E-02       8    8.85738618630431E-01    7.13839651779989E+00
  8.525657071339E-01    6.11553162728835E-02       8    8.85583339334907E-01    7.17386864645846E+00
  8.566958698373E-01    6.04060039257431E-02       8    8.85429042487320E-01    7.20926808927495E+00
  8.608260325407E-01    5.96670163105828E-02       8    8.85273773212757E-01    7.24459451347119E+00
  8.649561952441E-01    5.89381864409151E-02       8    8.85118466344208E-01    7.27984934696344E+00
  8.690863579474E-01    5.82195616199112E-02       8    8.84964197069645E-01    7.31503424875787E+00
  8.732165206508E-01    5.75108007179339E-02       8    8.85204418915647E-01    7.35014869716296E+00
  8.773466833542E-01    5.68117205484488E-02       8    8.85872826569781E-01    7.38519455572029E+00
  8.814768460576E-01    5.61221653922572E-02       8    8.86541102881507E-01    7.42017158237524E+00
  8.856070087610E-01    5.54419823285857E-02       8    8.87209310585736E-01    7.45507988855184E+00
  8.897371714643E-01    5.47710211832630E-02       8    8.87877403716368E-01    7.48992095599369E+00
  8.938673341677E-01    5.41091344778394E-02       8    8.88545473135849E-01    7.52469544529475E+00
  8.979974968711E-01    5.34561773796271E-02       9    8.89142502014223E-01    7.55940372433058E+00
  9.021276595745E-01    5.28120076526475E-02       9    8.88997289030119E-01    7.59404713713557E+00
  9.062578222778E-01    5.21766424875381E-02       9    8.88791204356608E-01    7.62862593349596E+00
  9.103879849812E-01    5.15499458996005E-02       9    8.88585069785626E-01    7.66313924005183E+00
  9.145181476846E-01    5.09316276899459E-02       9    8.88378985112115E-01    7.69758885956160E+00
  9.186483103880E-01    5.03215552318190E-02       9    8.88172878482679E-01    7.73197572954881E+00
  9.227784730914E-01    4.97195982732628E-02       9    8.87966765867622E-01    7.76630022417755E+00
  9.269086357947E-01    4.91256288929247E-02       9    8.88237514479394E-01    7.80056299719055E+00
  9.310387984981E-01    4.85395214566660E-02       9    8.88906745894774E-01    7.83476292754896E+00
  9.351689612015E-01    4.79613130511065E-02       9    8.89574815314256E-01    7.86890302430844E+00
  9.392991239049E-01    4.73909178243095E-02       9    8.90243974942173E-01    7.90298196864624E+00
  9.434292866083E-01    4.68280213388942E-02       9    8.90913116149117E-01    7.93700137116721E+00
  9.475594493116E-01    4.62725064548552E-02       9    8.91582185568598E-01    7.97096104292779E+00
  9.516896120150E-01    4.57242581227381E-02       9    8.92193241875311E-01    8.00486229805862E+00
  9.558197747184E-01    4.51831633445725E-02       9    8.92116045852770E-01    8.03870505103699E+00
  9.599499374218E-01    4.46493077871881E-02       9    8.92038822754349E-01    8.07248906725435E+00
  9.640801001252E-01    4.41225721476544E-02       9    8.91961084208131E-01    8.10621602889182E+00
  9.682102628285E-01    4.36026618182137E-02       9    8.91884038031990E-01    8.13988690897346E+00
  9.723404255319E-01    4.30894714441800E-02       9    8.91806989114300E-01    8.17350096105415E+00
  9.764705882353E-01    4.25828975449745E-02       9    8.91728926540951E-01    8.20705867963775E+00
  9.806007509387E-01    4.20829432151951E-02       9    8.91586650846881E-01    8.24056102199303E+00
  9.847309136421E-01    4.15897010894356E-02       9    8.91402492617652E-01    8.27400757101136E+00
  9.888610763454E-01    4.11027735756519E-02       9    8.91218169488176E-01    8.30739978553901E+00
  9.929912390488E-01    4.06220641955102E-02       9    8.91034106262356E-01    8.34073775877973E+00
  9.971214017522E-01    4.01474781819491E-02       9    8.90849561781345E-01    8.37402229477829E+00
  1.001251564456E+00    3.96791244027979E-02       9    8.90665061729588E-01    8.40725255953613E+00
  1.005381727159E+00    3.92169219688495E-02       9    8.90569167574379E-01    8.44043022010042E+00
  1.009511889862E+00    3.87605652737123E-02      10    8.90875661882548E-01    8.47355506893803E+00
  1.013642052566E+00    3.83099659630311E-02      10    8.91198315820271E-01    8.50662823235236E+00
  1.017772215269E+00    3.78650657281274E-02      10    8.91520847943046E-01    8.53964927888064E+00
  1.021902377972E+00    3.74261477616426E-02      10    8.91843678803049E-01    8.57261855530299E+00
  1.026032540676E+00    3.69927273912908E-02      10    8.92166356239045E-01    8.60553741771616E+00
  1.030162703379E+00    3.65647222430061E-02      10    8.92488418445134E-01    8.63840436011630E+00
  1.034292866083E+00    3.61420513950483E-02      10    8.92526730476493E-01    8.67122192728431E+00
  1.038423028786E+00    3.57250374038270E-02      10    8.92426898832871E-01    8.70398985423948E+00
  1.042553191489E+00    3.53132263861326E-02      10    8.92327091112695E-01    8.73670772968565E+00
  1.046683354193E+00    3.49065106872357E-02      10    8.92227283392518E-01    8.76937715451703E+00
  1.050813516896E+00    3.45048232584614E-02      10    8.92127451748897E-01    8.80199681468534E+00
  1.054943679599E+00    3.41085104839626E-02      10    8.92027644028720E-01    8.83456785785763E+00
  1.059073842303E+00    3.37170655231510E-02      10    8.92003319654013E-01    8.86709071716402E+00
  1.063204005006E+00    3.33304167743779E-02      10    8.92266901890350E-01    8.89956644799699E+00
  1.067334167710E+00    3.29486260704825E-02      10    8.92530448118248E-01    8.93199398462778E+00
  1.071464330413E+00    3.25717988972080E-02      10    8.92794051797818E-01    8.96437498809424E+00
  1.075594493116E+00    3.21995550143630E-02      10    8.93057604142054E-01    8.99670793712887E+00
  1.079724655820E+00    3.18318276629333E-02      10    8.93321150369952E-01    9.02899519866068E+00
  1.083854818523E+00    3.14688790126266E-02      10    8.93584760165860E-01    9.06123593667423E+00
  1.087984981227E+00    3.11104272770016E-02      10    8.94020644358079E-01    9.09343114804538E+00
  1.092115143930E+00    3.07562927823144E-02      10    8.94516508434791E-01    9.12558043596119E+00
  1.096245306633E+00    3.04065554578219E-02      10    8.95013488016035E-01    9.15768385327940E+00
  1.100375469337E+00    3.00613112821159E-02      10    8.95510349694637E-01    9.18974310350221E+00
  1.104505632040E+00    2.97201946178885E-02      10    8.96006331673991E-01    9.22175728116015E+00
  1.108635794743E+00    2.93831555485563E-02      10    8.96503193352593E-01    9.25372711715528E+00
  1.112765957447E+00    2.90505611736821E-02      10    8.96956264481319E-01    9.28565283498145E+00
  1.116896120150E+00    2.87219136819524E-02      10    8.97292292069632E-01    9.31753441731309E+00
  1.121026282854E+00    2.83971570209149E-02      10    8.97628238318233E-01    9.34937229518450E+00
  1.125156445557E+00    2.80766040790389E-02      10    8.97964233940682E-01    9.38116663242898E+00
  1.129286608260E+00    2.77599022461504E-02      10    8.98300212155146E-01    9.41291773153270E+00
  1.133416770964E+00    2.74469221425398E-02      11    8.98636411835711E-01    9.44462687470242E+00
  1.137546933667E+00    2.71379368181524E-02      11    8.98966933342002E-01    9.47629220240072E+00
  1.141677096370E+00    2.68326811054949E-02      11    8.98814873177939E-01    9.50791684545925E+00
  1.145807259074E+00    2.65309861189664E-02      11    8.98537111832374E-01    9.53949881689578E+00
  1.149937421777E+00    2.62331227567823E-02      11    8.98258836120338E-01    9.57103788032114E+00
  1.154067584481E+00    2.59388364840041E-02      11    8.97980721613740E-01    9.60253664023813E+00
  1.158197747184E+00    2.56479576402105E-02      11    8.97702993011599E-01    9.63399380504767E+00
  1.162327909887E+00    2.53607887976376E-02      11    8.97425314368525E-01    9.66541058482249E+00
  1.166458072591E+00    2.50770170761296E-02      11    8.97333330221389E-01    9.69678525732719E+00
  1.170588235294E+00    2.47965068184203E-02      11    8.97611058823529E-01    9.72811954463668E+00
  1.174718397997E+00    2.45196225038409E-02      11    8.97887720440024E-01    9.75941356373802E+00
  1.178848560701E+00    2.42459312183838E-02      11    8.98165402837678E-01    9.79066851197096E+00
  1.182978723404E+00    2.39754255445821E-02      11    8.98442244440889E-01    9.82188296308453E+00
  1.187108886108E+00    2.37083693492410E-02      11    8.98719772275153E-01    9.85305741976221E+00
  1.191239048811E+00    2.34443441857872E-02      11    8.98996486172011E-01    9.88419248068769E+00
  1.195369211514E+00    2.31834874712654E-02      11    8.99041414795665E-01    9.91528794912336E+00
  1.199499374218E+00    2.29258300903258E-02      11    8.99050280329907E-01    9.94634526965500E+00
  1.203629536921E+00    2.26710756079675E-02      11    8.99059751613646E-01    9.97736305665075E+00
  1.207759699625E+00    2.24195003854383E-02      11    8.99068294462405E-01    1.00083428780791E+01
  1.211889862328E+00    2.21708582546901E-02      11    8.99077690079962E-01    1.00392839623869E+01
  1.216020025031E+00    2.19250439659334E-02      11    8.99087161363700E-01    1.00701865543519E+01
  1.220150187735E+00    2.16823507443361E-02      11    8.99035279853405E-01    1.01010514346350E+01
  1.224280350438E+00    2.14423577412064E-02      11    8.98892268029842E-01    1.01318779255861E+01
  1.228410513141E+00    2.12052549992371E-02      11    8.98749291066157E-01    1.01626677360501E+01
  1.232540675845E+00    2.09709739043038E-02      11    8.98606313633321E-01    1.01934204576367E+01
  1.236670838548E+00    2.07392809768817E-02      11    8.98463302278908E-01    1.02241351451228E+01
  1.240801001252E+00    2.05105598734447E-02      11    8.98320325315222E-01    1.02548132856259E+01
  1.244931163955E+00    2.02843518928155E-02      11    8.98204418481378E-01    1.02854547527477E+01
  1.249061326658E+00    2.00608377232658E-02      11    8.98479548101395E-01    1.03160585423671E+01
  1.253191489362E+00    1.98399698042829E-02      12    8.98813494349995E-01    1.03466274887567E+01
  1.257321652065E+00    1.96215370090932E-02      12    8.99147567972440E-01    1.03771587962005E+01
  1.261451814768E+00    1.94058679267425E-02      12    8.99481691143321E-01    1.04076551060649E+01
  1.265581977472E+00    1.91925392428336E-02      12    8.99815814314202E-01    1.04381152615518E+01
  1.269712140175E+00    1.89817870847622E-02      12    9.00150018141268E-01    1.04685390471332E+01
  1.273842302879E+00    1.87734531174301E-02      12    9.00483141312149E-01    1.04989278217212E+01
  1.277972465582E+00    1.85674750668046E-02      12    9.00816415860735E-01    1.05292797852658E+01
  1.282102628285E+00    1.83640045077073E-02      12    9.01150468310097E-01    1.05595984879275E+01
  1.286232790989E+00    1.81627148717435E-02      12    9.01483591480978E-01    1.05898820646025E+01
  1.290362953692E+00    1.79639516818850E-02      12    9.01816795308045E-01    1.06201297825736E+01
  1.294493116395E+00    1.77673359735750E-02      12    9.02149918478926E-01    1.06503431563485E+01
  1.298623279099E+00    1.75730593905351E-02      12    9.02441251723683E-01    1.06805219327409E+01
  1.302753441802E+00    1.73809954983270E-02      12    9.02019268998244E-01    1.07106668920898E+01
  1.306883604506E+00    1.71910986891378E-02      12    9.01554450619666E-01    1.07407767075684E+01
  1.311013767209E+00    1.70034679414624E-02      12    9.01089225839755E-01    1.07708533450291E+01
  1.315143929912E+00    1.68178467653784E-02      12    9.00623722190332E-01    1.08008956853233E+01
  1.319274092616E+00    1.66345338322257E-02      12    9.00158914366643E-01    1.08309038454986E+01
  1.323404255319E+00    1.64531417951127E-02      12    8.99692993760998E-01    1.08608780654002E+01
  1.327534418023E+00    1.62739795682946E-02      12    8.99424637187462E-01    1.08908207386379E+01
  1.331664580726E+00    1.60967394469320E-02      12    8.99329684169165E-01    1.09207283610925E+01
  1.335794743429E+00    1.59215972548680E-02      12    8.99235291501595E-01    1.09506034464911E+01
  1.339924906133E+00    1.57484017598413E-02      12    8.99140129936857E-01    1.09804463883398E+01
  1.344055068836E+00    1.55771845480774E-02      12    8.99045701749538E-01    1.10102545993044E+01
  1.348185231539E+00    1.54079294021952E-02      12    8.98950784250990E-01    1.10400317490817E+01
  1.352315394243E+00    1.52405445026143E-02      12    8.98861964016025E-01    1.10697757177744E+01
  1.356445556946E+00    1.50751283544633E-02      12    8.98824718222624E-01    1.10994865192999E+01
  1.360575719650E+00    1.49114854234666E-02      12    8.98789555272868E-01    1.11291661597148E+01
  1.364705882353E+00    1.47498097633851E-02      12    8.98754314999598E-01    1.11588132239365E+01
  1.368836045056E+00    1.45898207216584E-02      12    8.98718793205280E-01    1.11884277228638E+01
  1.372966207760E+00    1.44317898000665E-02      12    8.98683909295368E-01    1.12180118901785E+01
  1.377096370463E+00    1.42753687738935E-02      13    8.98648200399166E-01    1.12475621705054E+01
  1.381226533166E+00    1.41208895219166E-02      13    8.98939994556593E-01    1.12770823518295E+01
  1.385356695870E+00    1.39679692190732E-02      13    8.99453317807547E-01    1.13065700040485E+01
  1.389486858573E+00    1.38169347383284E-02      13    8.99966719248343E-01    1.13360268100812E+01
  1.393617021277E+00    1.36674329638641E-02      13    9.00479519393261E-01    1.13654533915103E+01
  1.397747183980E+00    1.35197558800054E-02      13    9.00993437403800E-01    1.13948462126786E+01
  1.401877346683E+00    1.33735859951613E-02      13    9.01506244085011E-01    1.14242109025720E+01
  1.406007509387E+00    1.32291878718426E-02      13    9.01959491969199E-01    1.14535437447867E+01
  1.410137672090E+00    1.30862656536229E-02      13    9.02111453132205E-01    1.14828449856973E+01
  1.414267834793E+00    1.29450700092691E-02      13    9.02250024429033E-01    1.15121163391226E+01
  1.418397997497E+00    1.28053135808427E-02      13    9.02389180488949E-01    1.15413575750626E+01
  1.422528160200E+00    1.26672458379643E-02      13    9.02528479049769E-01    1.15705686199554E+01
  1.426658322904E+00    1.25305756010396E-02      13    9.02667809858016E-01    1.15997485106450E+01
  1.430788485607E+00    1.23955630368587E-02      13    9.02807158546336E-01    1.16288984852229E+01
  1.434918648310E+00    1.22619016059799E-02      13    9.02877286930776E-01    1.16580186395722E+01
  1.439048811014E+00    1.21298733043363E-02      13    9.02911163863408E-01    1.16871092117688E+01
  1.443178973717E+00    1.19991514156768E-02      13    9.02946048998364E-01    1.17161692493414E+01
  1.447309136421E+00    1.18700322475540E-02      13    9.02979925930995E-01    1.17452006374207E+01
  1.451439299124E+00    1.17421957981195E-02      13    9.03014808200743E-01    1.17742008482109E+01
  1.455569461827E+00    1.16158992747976E-02      13    9.03048687998583E-01    1.18031730349231E+01
  1.459699624531E+00    1.14908815334553E-02      13    9.03083267853614E-01    1.18321160241864E+01
  1.463829787234E+00    1.13673374907937E-02      13    9.03116450066171E-01    1.18610284712223E+01
  1.467959949937E+00    1.12450733783348E-02      13    9.03149383082236E-01    1.18899133250135E+01
  1.472090112641E+00    1.11242135949030E-02      13    9.03183203931435E-01    1.19187683291871E+01
  1.476220275344E+00    1.10046396412035E-02      13    9.03216089066391E-01    1.19475939870603E+01
  1.480350438048E+00    1.08863977821160E-02      13    9.03248965999023E-01    1.19763910277557E+01
  1.484480600751E+00    1.07694520844156E-02      13    9.03282607803188E-01    1.20051610078012E+01
  1.488610763454E+00    1.06537636467796E-02      13    9.03252907900084E-01    1.20339006128604E+01
  1.492740926158E+00    1.05393858290501E-02      13    9.03200208751199E-01    1.20626125837419E+01
  1.496871088861E+00    1.04261880889823E-02      13    9.03147557287518E-01    1.20912945487529E+01
  1.501001251564E+00    1.03143192623575E-02      13    9.03094918810851E-01    1.21199494559626E+01
  1.505131414268E+00    1.02035530710013E-02      13    9.03042280334184E-01    1.21485774850298E+01
  1.509261576971E+00    1.00941339477683E-02      13    9.02989628870504E-01    1.21771747290161E+01
  1.513391739675E+00    9.98579450346340E-03      14    9.03111111734850E-01    1.22057456723049E+01
  1.517521902378E+00    9.87871453739378E-03      14    9.03735136405973E-01    1.22342884747390E+01
  1.521652065081E+00    9.77274640075442E-03      14    9.04359063146260E-01    1.22628035701631E+01
  1.525782227785E+00    9.66794868695507E-03      14    9.04983963322232E-01    1.22912911146974E+01
  1.529912390488E+00    9.56429777843170E-03      14    9.05608014557671E-01    1.23197499946610E+01
  1.534042553191E+00    9.46172697307358E-03      14    9.06232031994881E-01    1.23481838785781E+01
  1.538172715895E+00    9.36034053774188E-03      14    9.06856814909614E-01    1.23765890679490E+01
  1.542302878598E+00    9.25995159244603E-03      14    9.07065743507135E-01    1.24049657300882E+01
  1.546433041302E+00    9.16076938613623E-03      14    9.07163964049388E-01    1.24333159250291E+01
  1.550563204005E+00    9.06257113619644E-03      14    9.07262382870933E-01    1.24616382915001E+01
  1.554693366708E+00    8.96548175999920E-03      14    9.07360956574221E-01    1.24899351828664E+01
  1.558823529412E+00    8.86942452552262E-03      14    9.07458998311286E-01    1.25182044990622E+01
  1.562953692115E+00    8.77437774953253E-03      14    9.07557829954908E-01    1.25464465984044E+01
  1.567083854819E+00    8.68041306191877E-03      14    9.07546461712650E-01    1.25746622951512E+01
  1.571214017522E+00    8.58737180464789E-03      14    9.07306173399889E-01    1.26028513269502E+01
  1.575344180225E+00    8.49544059636030E-03      14    9.07065184334143E-01    1.26310128129996E+01
  1.579474342929E+00    8.40442402908824E-03      14    9.06825048877741E-01    1.26591501292706E+01
  1.583604505632E+00    8.31441345914945E-03      14    9.06584203160928E-01    1.26872575933223E+01
  1.587734668335E+00    8.22537592711351E-03      14    9.06343420726694E-01    1.27153417973302E+01
  1.591864831039E+00    8.13724039172413E-03      14    9.06103279809776E-01    1.27433983726966E+01
  1.595994993742E+00    8.05013734790465E-03      14    9.06291012593493E-01    1.27714284277672E+01
  1.600125156446E+00    7.96388944324184E-03      14    9.06551735743671E-01    1.27994337580789E+01
  1.604255319149E+00    7.87862045690274E-03      14    9.06812466047676E-01    1.28274120513011E+01
  1.608385481852E+00    7.79424460646421E-03      14    9.07073244928512E-01    1.28553648550482E+01
  1.612515644556E+00    7.71073967214193E-03      14    9.07333968078690E-01    1.28832912933466E+01
  1.616645807259E+00    7.62819390398816E-03      14    9.07595338397193E-01    1.29111919654427E+01
  1.620775969962E+00    7.54645819513588E-03      14    9.07817626970487E-01    1.29390678290274E+01
  1.624906132666E+00    7.46565495771977E-03      14    9.07980135038928E-01    1.29669176529455E+01
  1.629036295369E+00    7.38569045877516E-03      14    9.08142143630495E-01    1.29947402817231E+01
  1.633166458073E+00    7.30654749403548E-03      14    9.08304882138216E-01    1.30225395680266E+01
  1.637296620776E+00    7.22831465184836E-03      14    9.08466947595233E-01    1.30503131825967E+01
  1.641426783479E+00    7.15084927868008E-03      14    9.08629398798224E-01    1.30780614715023E+01
  1.645556946183E+00    7.07425349869977E-03      14    9.08792873280596E-01    1.31057846807736E+01
  1.649687108886E+00    6.99846425796849E-03      14    9.08986966932350E-01    1.31334813960829E+01
  1.653817271589E+00    6.92343168978263E-03      14    9.09185576406598E-01    1.31611550015336E+01
  1.657947434293E+00    6.84928130045934E-03      15    9.09383197813056E-01    1.31888025974362E+01
  1.662077596996E+00    6.77585813499017E-03      15    9.09581861100299E-01    1.32164245791447E+01
  1.666207759700E+00    6.70322790200863E-03      15    9.09779940491233E-01    1.32440234893491E+01
  1.670337922403E+00    6.63139121114352E-03      15    9.09978139827895E-01    1.32715956140830E+01
  1.674468085106E+00    6.56025917621949E-03      15    9.10035568418144E-01    1.32991455889584E+01
  1.678598247810E+00    6.48994803256985E-03      15    9.09921711442105E-01    1.33266695858656E+01
  1.682728410513E+00    6.42035185767290E-03      15    9.09808694859518E-01    1.33541680062210E+01
  1.686858573217E+00    6.35146055735351E-03      15    9.09694771750744E-01    1.33816434218942E+01
  1.690988735920E+00    6.28336629294723E-03      15    9.09580837594531E-01    1.34090947301010E+01
  1.695118898623E+00    6.21593988084815E-03      15    9.09466898192118E-01    1.34365205492238E+01
  1.699249061327E+00    6.14923696473652E-03      15    9.09348722758369E-01    1.34639229738727E+01
  1.703379224030E+00    6.08326470294294E-03      15    9.08980718333793E-01    1.34912996446343E+01
  1.707509386733E+00    6.01793964516498E-03      15    9.08604237569689E-01    1.35186530576506E+01
  1.711639549437E+00    5.95334987674046E-03      15    9.08227247693417E-01    1.35459833129609E+01
  1.715769712140E+00    5.88943280812942E-03      15    9.07850863686409E-01    1.35732885896650E+01
  1.719899874844E+00    5.82614295926331E-03      15    9.07473738650586E-01    1.36005712742106E+01
  1.724030037547E+00    5.76359388570992E-03      15    9.07097269313915E-01    1.36278291990948E+01
  1.728160200250E+00    5.70166740765850E-03      15    9.06905300477271E-01    1.36550630633665E+01
  1.732290362954E+00    5.64036364416188E-03      15    9.06886538933236E-01    1.36822734853104E+01
  1.736420525657E+00    5.57977065207973E-03      15    9.06867772604512E-01    1.37094587868302E+01
  1.740550688360E+00    5.51977229206041E-03      15    9.06849295194694E-01    1.37366230268263E+01
  1.744680851064E+00    5.46039564385805E-03      15    9.06830356288384E-01    1.37637632188714E+01
  1.748811013767E+00    5.40168864908213E-03      15    9.06812414160900E-01    1.37908777939252E+01
  1.752941176471E+00    5.34355799067640E-03      15    9.06832178239717E-01    1.38179725521829E+01
  1.757071339174E+00    5.28604293035681E-03      15    9.07172345468600E-01    1.38450408643518E+01
  1.761201501877E+00    5.22916291683647E-03      15    9.07532913013276E-01    1.38720878081276E+01
  1.765331664581E+00    5.17284152837890E-03      15    9.07892667851219E-01    1.38991106739227E+01
  1.769461827284E+00    5.11712493815953E-03      15    9.08253109290749E-01    1.39261109445267E+01
  1.773591989987E+00    5.06201482548494E-03      15    9.08613592432270E-01    1.39530869631499E+01
  1.777722152691E+00    5.00744619124590E-03      15    9.08973817186897E-01    1.39800419332633E+01
  1.781852315394E+00    4.95346727069737E-03      15    9.09235682249770E-01    1.40069718412595E+01
  1.785982478098E+00    4.90007184704847E-03      15    9.09426169180204E-01    1.40338815485716E+01
  1.790112640801E+00    4.84720130086704E-03      15    9.09617184944954E-01    1.40607653632837E+01
  1.794242803504E+00    4.79490147820553E-03      15    9.09808154229869E-01    1.40876278024251E+01
  1.798372966208E+00    4.74316733568855E-03      16    9.09998312874860E-01    1.41144681552380E+01
  1.802503128911E+00    4.69194199696951E-03      16    9.10189139279533E-01    1.41412844310126E+01
  1.806633291615E+00    4.64126484378290E-03      16    9.10377821170003E-01    1.41680803612593E+01
  1.810763454318E+00    4.59114031607061E-03      16    9.10555687155970E-01    1.41948525934322E+01
  1.814893617021E+00    4.54150902806281E-03      16    9.10733572024840E-01    1.42216015904751E+01
  1.819023779725E+00    4.49240017734068E-03      16    9.10911425921157E-01    1.42483290815439E+01
  1.823153942428E+00    4.44383527953576E-03      16    9.11088312156612E-01    1.42750331407606E+01
  1.827284105131E+00    4.39574854981127E-03      16    9.11266176775994E-01    1.43017171374958E+01
  1.831414267835E+00    4.34815561715389E-03      16    9.11444030672312E-01    1.43283770977520E+01
  1.835544430538E+00    4.30110198779669E-03      16    9.11381745928138E-01    1.43550149876287E+01
  1.839674593242E+00    4.25451193085354E-03      16    9.11187997716729E-01    1.43816316623452E+01
  1.843804755945E+00    4.20838443873889E-03      16    9.10994988095585E-01    1.44082250646069E+01
  1.847934918648E+00    4.16279528388417E-03      16    9.10801321676874E-01    1.44347975869983E+01
  1.852065081352E+00    4.11765556579754E-03      16    9.10608043382150E-01    1.44613476073588E+01
  1.856195244055E+00    4.07296116341664E-03      16    9.10414027617399E-01    1.44878756795326E+01
  1.860325406758E+00    4.02877491007947E-03      16    9.10229632842488E-01    1.45143824432673E+01
  1.864455569462E+00    3.98504069512862E-03      16    9.10083816785678E-01    1.45408674644342E+01
  1.868585732165E+00    3.94173823196709E-03      16    9.09937804962115E-01    1.45673291046945E+01
  1.872715894869E+00    3.89890533257702E-03      16    9.09791827998429E-01    1.45937716508032E+01
  1.876846057572E+00    3.85653323177826E-03      16    9.09645835200978E-01    1.46201912642106E+01
  1.880976220275E+00    3.81457974448699E-03      16    9.09500561548655E-01    1.46465884696821E+01
  1.885106382979E+00    3.77305557263077E-03      16    9.09355567429211E-01    1.46729660641256E+01
  1.889236545682E+00    3.73200359410862E-03      16    9.09408376071593E-01    1.46993201708241E+01
  1.893366708385E+00    3.69135750225781E-03      16    9.09544631381332E-01    1.47256536606436E+01
  1.897496871089E+00    3.65111357831952E-03      16    9.09680391532649E-01    1.47519668609493E+01
  1.901627033792E+00    3.61132654507725E-03      16    9.09815932072473E-01    1.47782576467941E+01
  1.905757196496E+00    3.57194760379436E-03      16    9.09951439803001E-01    1.48045273032007E+01
  1.909887359199E+00    3.53295861531568E-03      16    9.10087980342824E-01    1.48307764217927E+01
  1.914017521902E+00    3.49438103735442E-03      16    9.10196693692646E-01    1.48570033724464E+01
  1.918147684606E+00    3.45623029165449E-03      16    9.10226874125808E-01    1.48832107738027E+01
  1.922277847309E+00    3.41845766447514E-03      16    9.10256111738272E-01    1.49093954421530E+01
  1.926408010013E+00    3.38105969226985E-03      16    9.10285342515465E-01    1.49355601163719E+01
  1.930538172716E+00    3.34408980492103E-03      16    9.10314731805660E-01    1.49617042041269E+01
  1.934668335419E+00    3.30749619809949E-03      16    9.10343810905122E-01    1.49878260002733E+01
  1.938798498123E+00    3.27126588585962E-03      16    9.10373845850546E-01    1.50139289949688E+01
  1.942928660826E+00    3.23541423714630E-03      17    9.10222807401180E-01    1.50400091834257E+01
  1.947058823529E+00    3.19996350093540E-03      17    9.10019527481806E-01    1.50660689139063E+01
  1.951188986233E+00    3.16486505149013E-03      17    9.09816265886014E-01    1.50921085363389E+01
  1.955319148936E+00    3.13011566199307E-03      17    9.09612955076279E-01    1.51181268407891E+01
  1.959449311640E+00    3.09575253488056E-03      17    9.09409693480487E-01    1.51441267265121E+01
  1.963579474343E+00    3.06175129008103E-03      17    9.09206395244398E-01    1.51701037601335E+01
  1.967709637046E+00    3.02808853638743E-03      17    9.09276966372011E-01    1.51960605840319E+01
  1.971839799750E+00    2.99476117262396E-03      17    9.09962974257809E-01    1.52219975060508E+01
  1.975969962453E+00    2.96182221075014E-03      17    9.10648148240667E-01    1.52479132492319E+01
  1.980100125156E+00    2.92921286158095E-03      17    9.11334156126464E-01    1.52738107323424E+01
  1.984230287860E+00    2.89692875402234E-03      17    9.12020164012261E-01    1.52996868380767E+01
  1.988360450563E+00    2.86497880673507E-03      17    9.12706337995119E-01    1.53255419248154E+01
  1.992490613267E+00    2.83339068313131E-03      17    9.13385254726303E-01    1.53513768569106E+01
  1.996620775970E+00    2.80211796556329E-03      17    9.13381124094071E-01    1.53771937185512E+01
  2.000750938673E+00    2.77115776347835E-03      17    9.13237123805646E-01    1.54029865404135E+01
  2.004881101377E+00    2.74052727564927E-03      17    9.13094146841960E-01    1.54287628559378E+01
  2.009011264080E+00    2.71023508832771E-03      17    9.12950135018397E-01    1.54545165254121E+01
  2.013141426783E+00    2.68024597063432E-03      17    9.12807158054711E-01    1.54802521912151E+01
  2.017271589487E+00    2.65055714386644E-03      17    9.12663628520613E-01    1.55059684280387E+01
  2.021401752190E+00    2.62118948470273E-03      17    9.12591339053345E-01    1.55316617826845E+01
  2.025531914894E+00    2.59214185394164E-03      17    9.12637602565408E-01    1.55573392541725E+01
  2.029662077597E+00    2.56338544168991E-03      17    9.12684605553453E-01    1.55829940179897E+01
  2.033792240300E+00    2.53491757653287E-03      17    9.12730857720305E-01    1.56086291938647E+01
  2.037922403004E+00    2.50675867902565E-03      17    9.12777591149053E-01    1.56342461934396E+01
  2.042052565707E+00    2.47890629175605E-03      17    9.12824207143755E-01    1.56598422142684E+01
  2.046182728411E+00    2.45133373703867E-03      17    9.12872697653509E-01    1.56854196048034E+01
  2.050312891114E+00    2.42403844638146E-03      17    9.12968262634209E-01    1.57109757828613E+01
  2.054443053817E+00    2.39703668702430E-03      17    9.13071883074109E-01    1.57365133403506E+01
  2.058573216521E+00    2.37033220923196E-03      17    9.13175194812894E-01    1.57620318766111E+01
  2.062703379224E+00    2.34389662395033E-03      17    9.13278673979008E-01    1.57875305885252E+01
  2.066833541927E+00    2.31772746143278E-03      17    9.13382127854623E-01    1.58130103201068E+01
  2.070963704631E+00    2.29183354573086E-03      17    9.13485581730239E-01    1.58384707132301E+01
  2.075093867334E+00    2.26623153876594E-03      17    9.13496964484827E-01    1.58639092290534E+01
  2.079224030038E+00    2.24088791178203E-03      17    9.13388687531492E-01    1.58893323431816E+01
  2.083354192741E+00    2.21580028978061E-03      17    9.13280773244257E-01    1.59147335215649E+01
  2.087484355444E+00    2.19096714327078E-03      17    9.13173107650797E-01    1.59401161581418E+01
  2.091614518148E+00    2.16642398388923E-03      17    9.13064830697463E-01    1.59654804906057E+01
  2.095744680851E+00    2.14212910187189E-03      18    9.12957436395631E-01    1.59908244914394E+01
  2.099874843554E+00    2.11808021314330E-03      18    9.12849250816768E-01    1.60161511829737E+01
  2.104005006258E+00    2.09427505351849E-03      18    9.13178241119068E-01    1.60414591039857E+01
  2.108135168961E+00    2.07073668162658E-03      18    9.13521477521030E-01    1.60667456039378E+01
  2.112265331665E+00    2.04744905342573E-03      18    9.13864508633913E-01    1.60920143398946E+01
  2.116395494368E+00    2.02439779624274E-03      18    9.14207118206924E-01    1.61172645239241E+01
  2.120525657071E+00    2.00158073236718E-03      18    9.14549807356598E-01    1.61424943679451E+01
  2.124655819775E+00    1.97900388026715E-03      18    9.14893222838357E-01    1.61677070977428E+01
  2.128785982478E+00    1.95668366465610E-03      18    9.14937653834210E-01    1.61928998042096E+01
  2.132916145181E+00    1.93459057127796E-03      18    9.14686399917190E-01    1.62180754703277E+01
  2.137046307885E+00    1.91272250542722E-03      18    9.14435146000169E-01    1.62432319286034E+01
  2.141176470588E+00    1.89107739058517E-03      18    9.14184831249246E-01    1.62683676358405E+01
  2.145306633292E+00    1.86967556846647E-03      18    9.13933577332226E-01    1.62934878497158E+01
  2.149436795995E+00    1.84850273679255E-03      18    9.13682275072808E-01    1.63185867339986E+01
  2.153566958698E+00    1.82754612179014E-03      18    9.13452016590287E-01    1.63436680584664E+01
  2.157697121402E+00    1.80680372590917E-03      18    9.13386062757873E-01    1.63687313367129E+01
  2.161827284105E+00    1.78627384200428E-03      18    9.13334235055439E-01    1.63937753401673E+01
  2.165957446809E+00    1.76598487026646E-03      18    9.13282419656491E-01    1.64188016175174E+01
  2.170087609512E+00    1.74590364483431E-03      18    9.13230604257543E-01    1.64438098273241E+01
  2.174217772215E+00    1.72602824397882E-03      18    9.13178776555109E-01    1.64687984743282E+01
  2.178347934919E+00    1.70635676261002E-03      18    9.13126961156162E-01    1.64937704522666E+01
  2.182478097622E+00    1.68689365379265E-03      18    9.13280962227220E-01    1.65187227400032E+01
  2.186608260325E+00    1.66765318077274E-03      18    9.13592705328859E-01    1.65436562404721E+01
  2.190738423029E+00    1.64861046145682E-03      18    9.13905039325473E-01    1.65685738278744E+01
  2.194868585732E+00    1.62976366291306E-03      18    9.14216504454047E-01    1.65934718192616E+01
  2.198998748436E+00    1.61111096805931E-03      18    9.14528191611695E-01    1.66183518293969E+01
  2.203128911139E+00    1.59265861954366E-03      18    9.14839767595952E-01    1.66432138407767E+01
  2.207259073842E+00    1.57441562028763E-03      18    9.15109895144905E-01    1.66680578865362E+01
  2.211389236546E+00    1.55636085082966E-03      18    9.15044534738827E-01    1.66928836596894E+01
  2.215519399249E+00    1.53849256277276E-03      18    9.14975764991807E-01    1.67176900347461E+01
  2.219649561952E+00    1.52080902282055E-03      18    9.14906219378803E-01    1.67424821986217E+01
  2.223779724656E+00    1.50331444294167E-03      18    9.14836642435820E-01    1.67672543560873E+01
  2.227909887359E+00    1.48602033259595E-03      18    9.14767486468475E-01    1.67920071606316E+01
  2.232040050063E+00    1.46890537400949E-03      18    9.14698471461678E-01    1.68167437350600E+01
  2.236170212766E+00    1.45196789927788E-03      18    9.14941725805513E-01    1.68414624373359E+01
  2.240300375469E+00    1.43520625488657E-03      18    9.15368105055277E-01    1.68661623481870E+01
  2.244430538173E+00    1.41861930846506E-03      18    9.15793389790896E-01    1.68908461921371E+01
  2.248560700876E+00    1.40222782120776E-03      18    9.16219777739091E-01    1.69155108403949E+01
  2.252690863579E+00    1.38600683190243E-03      18    9.16645684577526E-01    1.69401594321502E+01
  2.256821026283E+00    1.36995474930351E-03      18    9.17071367967655E-01    1.69647901346240E+01
  2.260951188986E+00    1.35406999588076E-03      19    9.17407961081735E-01    1.69894023619020E+01
  2.265081351690E+00    1.33835100770134E-03      19    9.17290391817523E-01    1.70139979772460E+01
  2.269211514393E+00    1.32281032144891E-03      19    9.17171803280092E-01    1.70385734873621E+01
  2.273341677096E+00    1.30743964370727E-03      19    9.17054224580965E-01    1.70631340062015E+01
  2.277471839800E+00    1.29222969561202E-03      19    9.16935655316754E-01    1.70876776255503E+01
  2.281602002503E+00    1.27717897201524E-03      19    9.16817198836208E-01    1.71122023011643E+01
  2.285732165207E+00    1.26228598073217E-03      19    9.16699488080196E-01    1.71367111929919E+01
  2.289862327910E+00    1.24755120640283E-03      19    9.16695602355816E-01    1.71612004810176E+01
  2.293992490613E+00    1.23298925886201E-03      19    9.16740782535757E-01    1.71856732056173E+01
  2.298122653317E+00    1.21858024474409E-03      19    9.16785951779266E-01    1.72101302486052E+01
  2.302252816020E+00    1.20432272786652E-03      19    9.16832131959207E-01    1.72345679109650E+01
  2.306382978723E+00    1.19021528440790E-03      19    9.16877301202717E-01    1.72589888425221E+01
  2.310513141427E+00    1.17625650280254E-03      19    9.16922470446226E-01    1.72833943317886E+01
  2.314643304130E+00    1.16245160062226E-03      19    9.16850688036224E-01    1.73077811296391E+01
  2.318773466834E+00    1.14880427621515E-03      19    9.16401801303235E-01    1.73321511378530E+01
  2.322903629537E+00    1.13530108113338E-03      19    9.15949067902936E-01    1.73565037373721E+01
  2.327033792240E+00    1.12194065670763E-03      19    9.15496108987910E-01    1.73808395009665E+01
  2.331163954944E+00    1.10872165595808E-03      19    9.15043593475097E-01    1.74051601371502E+01
  2.335294117647E+00    1.09564274349524E-03      19    9.14590829806067E-01    1.74294601498571E+01
  2.339424280350E+00    1.08270952126355E-03      19    9.14138120399132E-01    1.74537458877261E+01
  2.343554443054E+00    1.06992360664016E-03      19    9.14584697407987E-01    1.74780141946979E+01
  2.347684605757E+00    1.05727349906602E-03      19    9.15313227809540E-01    1.75022640169722E+01
  2.351814768461E+00    1.04475791312872E-03      19    9.16041719775317E-01    1.75264994681527E+01
  2.355944931164E+00    1.03237557447353E-03      19    9.16770935912714E-01    1.75507166065761E+01
  2.360075093867E+00    1.02012521971004E-03      19    9.17499466314267E-01    1.75749175689725E+01
  2.364205256571E+00    1.00800914794254E-03      19    9.18228428196729E-01    1.75991020517700E+01
  2.368335419274E+00    9.96034392893849E-04      19    9.18684356959357E-01    1.76232687595221E+01
  2.372465581977E+00    9.84187577635354E-04      19    9.18483918441285E-01    1.76474189554293E+01
  2.376595744681E+00    9.72467486009301E-04      19    9.18283476147510E-01    1.76715547717857E+01
  2.380725907384E+00    9.60872912321082E-04      19    9.18082992874723E-01    1.76956705040036E+01
  2.384856070088E+00    9.49402661251325E-04      19    9.17882554356651E-01    1.77197713271178E+01
  2.388986232791E+00    9.38055547768767E-04      19    9.17683089242024E-01    1.77438560510353E+01
  2.393116395494E+00    9.26841591780522E-04      19    9.17486343045006E-01    1.77679242024735E+01
  2.397246558198E+00    9.15751044043583E-04      19    9.17466556025688E-01    1.77919755299536E+01
  2.401376720901E+00    9.04779847996963E-04      19    9.17489146115659E-01    1.78169198529710E+01
  2.405506883605E+00    8.93926862876950E-04      19    9.17511730737414E-01    1.78436745892525E+01
  2.409637046308E+00    8.83190957740636E-04      19    9.17534315359168E-01    1.78704160155575E+01
  2.413767209011E+00    8.72571011383894E-04      20    9.17557393630281E-01    1.78971431426476E+01
  2.417897371715E+00    8.62066946275530E-04      20    9.17580490070893E-01    1.79238554417646E+01
  2.422027534418E+00    8.51688255815548E-04      20    9.17678206668965E-01    1.79505558521988E+01
  2.426157697121E+00    8.41421947709777E-04      20    9.17911564021842E-01    1.79772414296349E+01
  2.430287859825E+00    8.31266942617053E-04      20    9.18145837570374E-01    1.80039136449742E+01
  2.434418022528E+00    8.21222170495077E-04      20    9.18379209753819E-01    1.80305715447502E+01
  2.438548185232E+00    8.11286570523132E-04      20    9.18612525204523E-01    1.80572170342783E+01
  2.442678347935E+00    8.01459091025496E-04      20    9.18845854910122E-01    1.80838489213250E+01
  2.446808510638E+00    7.91739245640670E-04      20    9.19077116941289E-01    1.81104669687249E+01
  2.450938673342E+00    7.82136263922300E-04      20    9.19200121385498E-01    1.81370699194064E+01
  2.455068836045E+00    7.72638054552488E-04      20    9.19306417079147E-01    1.81636612610360E+01
  2.459198998748E+00    7.63243605118555E-04      20    9.19413156496030E-01    1.81902383252256E+01
  2.463329161452E+00    7.53951911942352E-04      20    9.19519978219528E-01    1.82168025111768E+01
  2.467459324155E+00    7.44761980008106E-04      20    9.19626281146888E-01    1.82433530153367E+01
  2.471589486859E+00    7.35672822890883E-04      20    9.19733558100223E-01    1.82698895961758E+01
  2.475719649562E+00    7.26683462685689E-04      20    9.19824120102248E-01    1.82964119212128E+01
  2.479849812265E+00    7.17799608986197E-04      20    9.19892876619527E-01    1.83229232097965E+01
  2.483979974969E+00    7.09016940821215E-04      20    9.19962115088324E-01    1.83494192092890E+01
  2.488110137672E+00    7.00330963590141E-04      20    9.20031400754703E-01    1.83759033520390E+01
  2.492240300375E+00    6.91740735914238E-04      20    9.20100154619967E-01    1.84023726133299E+01
  2.496370463079E+00    6.83245324555053E-04      20    9.20168908485231E-01    1.84288310006342E+01
  2.500500625782E+00    6.74843804347593E-04      20    9.20237678755143E-01    1.84552725459925E+01
  2.504630788486E+00    6.66535258134083E-04      20    9.20284621746938E-01    1.84817026971727E+01
  2.508760951189E+00    6.58318776698326E-04      20    9.20329795635447E-01    1.85081195725306E+01
  2.512891113892E+00    6.50201084848603E-04      20    9.20374971170388E-01    1.85345239346986E+01
  2.517021276596E+00    6.42174823573603E-04      20    9.20420140413897E-01    1.85609129830021E+01
  2.521151439299E+00    6.34237746037407E-04      20    9.20465320593839E-01    1.85872901946634E+01
  2.525281602003E+00    6.26388977019820E-04      20    9.20510489837348E-01    1.86136550300469E+01
  2.529411764706E+00    6.18627648890835E-04      20    9.20402045514857E-01    1.86400065033337E+01
  2.533541927409E+00    6.10952901548707E-04      20    9.20131964435209E-01    1.86663436222342E+01
  2.537672090113E+00    6.03363882358596E-04      20    9.19862137005673E-01    1.86926683697097E+01
  2.541802252816E+00    5.95859746091730E-04      20    9.19591879687271E-01    1.87189787595638E+01
  2.545932415519E+00    5.88444078785597E-04      20    9.19321852433450E-01    1.87452767812282E+01
  2.550062578223E+00    5.81114926708572E-04      20    9.19052494920599E-01    1.87715614407959E+01
  2.554192740926E+00    5.73867985557032E-04      20    9.18816920682637E-01    1.87978342920819E+01
  2.558322903630E+00    5.66702441757459E-04      20    9.18871838827927E-01    1.88240930097126E+01
  2.562453066333E+00    5.59617488816961E-04      21    9.18953710618095E-01    1.88503392397969E+01
  2.566583229036E+00    5.52612327265880E-04      21    9.19036597157931E-01    1.88765721473875E+01
  2.570713391740E+00    5.45686164600883E-04      21    9.19118466411791E-01    1.89027925763400E+01
  2.574843554443E+00    5.38838215228564E-04      21    9.19200953953036E-01    1.89289986429902E+01
  2.578973717146E+00    5.32067700409529E-04      21    9.19283224741795E-01    1.89551934498000E+01
  2.583103879850E+00    5.25378621090901E-04      21    9.19235790490848E-01    1.89813753115815E+01
  2.587234042553E+00    5.18767301106408E-04      21    9.19082307383546E-01    1.90075414913018E+01
  2.591364205257E+00    5.12230960655770E-04      21    9.18928969727197E-01    1.90336975664115E+01
  2.595494367960E+00    5.05768850242170E-04      21    9.18776388597923E-01    1.90598397460023E+01
  2.599624530663E+00    4.99380226923835E-04      21    9.18622931882557E-01    1.90859704149442E+01
  2.603754693367E+00    4.93064354261235E-04      21    9.18470485685713E-01    1.91120861701886E+01
  2.607884856070E+00    4.86820502264751E-04      21    9.18336998710795E-01    1.91381901666562E+01
  2.612015018773E+00    4.80647947342775E-04      21    9.18414230024373E-01    1.91642818423558E+01
  2.616145181477E+00    4.74545972250274E-04      21    9.18492444907638E-01    1.91903601792783E+01
  2.620275344180E+00    4.68514773970649E-04      21    9.18570686461289E-01    1.92164258693771E+01
  2.624405506884E+00    4.62557532371262E-04      21    9.18648387691552E-01    1.92424784351136E+01
  2.628535669587E+00    4.56668615683500E-04      21    9.18726439636413E-01    1.92685190769912E+01
  2.632665832290E+00    4.50847333689197E-04      21    9.18804499182591E-01    1.92945459785673E+01
  2.636795994994E+00    4.45093002241829E-04      21    9.19154492880284E-01    1.93205602675605E+01
  2.640926157697E+00    4.39404943217903E-04      21    9.19674012998134E-01    1.93465622317869E+01
  2.645056320401E+00    4.33782484468755E-04      21    9.20193459298491E-01    1.93725520384060E+01
  2.649186483104E+00    4.28224959772761E-04      21    9.20711905598848E-01    1.93985285213072E+01
  2.653316645807E+00    4.22731708787958E-04      21    9.21231477668172E-01    1.94244932982337E+01
  2.657446808511E+00    4.17302077005063E-04      21    9.21750859164352E-01    1.94504431362170E+01
  2.661576971214E+00    4.11935415700881E-04      21    9.22102446043190E-01    1.94763813890991E+01
  2.665707133917E+00    4.06634654882044E-04      21    9.21643732308927E-01    1.95023097977418E+01
  2.669837296621E+00    4.01396668580990E-04      21    9.21166632174360E-01    1.95282223451869E+01
  2.673967459324E+00    3.96219620607290E-04      21    9.20690416523731E-01    1.95541232075085E+01
  2.678097622028E+00    3.91102886817149E-04      21    9.20213316389164E-01    1.95800122908890E+01
  2.682227784731E+00    3.86045848604076E-04      21    9.19736215718520E-01    1.96058897719719E+01
  2.686357947434E+00    3.81047892854819E-04      21    9.19260000603968E-01    1.96317529406175E+01
  2.690488110138E+00    3.76108411905662E-04      21    9.18978351073668E-01    1.96576038365914E+01
  2.694618272841E+00    3.71226803499101E-04      21    9.18788683832405E-01    1.96834403823155E+01
  2.698748435544E+00    3.66402470740876E-04      21    9.18599012862969E-01    1.97092673746317E+01
  2.702878598248E+00    3.61634822057351E-04      21    9.18408866655774E-01    1.97350814029208E+01
  2.707008760951E+00    3.56923271153273E-04      22    9.18218729497826E-01    1.97608831351797E+01
  2.711138923655E+00    3.52268132280180E-04      22    9.18029528445074E-01    1.97866723363866E+01
  2.715269086358E+00    3.47670840346203E-04      22    9.17974307436279E-01    1.98124488844524E+01
  2.719399249061E+00    3.43127816222533E-04      22    9.18414751096081E-01    1.98382128414692E+01
  2.723529411765E+00    3.38638495978618E-04      22    9.18854151220297E-01    1.98639650611790E+01
  2.727659574468E+00    3.34202320736726E-04      22    9.19294657974724E-01    1.98897029429497E+01
  2.731789737171E+00    3.29818736631930E-04      22    9.19734173111126E-01    1.99154313386850E+01
  2.735919899875E+00    3.25487194772414E-04      22    9.20174458223155E-01    1.99411464656017E+01
  2.740050062578E+00    3.21207151200118E-04      22    9.20614964977582E-01    1.99668499980708E+01
  2.744180225282E+00    3.16978066851691E-04      22    9.20943555163366E-01    1.99925395637960E+01
  2.748310387985E+00    3.12799407519765E-04      22    9.21235344707560E-01    2.00182192191057E+01
  2.752440550688E+00    3.08670643814551E-04      22    9.21526181320294E-01    2.00438831586473E+01
  2.756570713392E+00    3.04591251125740E-04      22    9.21817956581920E-01    2.00695374631216E+01
  2.760700876095E+00    3.00560709584718E-04      22    9.22109452572722E-01    2.00951792369280E+01
  2.764831038798E+00    2.96579087689128E-04      22    9.22400580995383E-01    2.01208093183484E+01
  2.768961201502E+00    2.92647641650635E-04      22    9.22529326295352E-01    2.01464258372008E+01
  2.773091364205E+00    2.88763431378921E-04      22    9.22235676092039E-01    2.01720314411492E+01
  2.777221526909E+00    2.84925957030061E-04      22    9.21943076009229E-01    2.01976244035665E+01
  2.781351689612E+00    2.81134723300286E-04      22    9.21649421532387E-01    2.02232036269829E+01
  2.785481852315E+00    2.77389239390132E-04      22    9.21356804756800E-01    2.02487728074842E+01
  2.789612015019E+00    2.73689018968902E-04      22    9.21063616167509E-01    2.02743301604853E+01
  2.793742177722E+00    2.70033580139396E-04      22    9.20773591816325E-01    2.02998743550250E+01
  2.797872340426E+00    2.66422445402920E-04      22    9.20606200040721E-01    2.03254064085267E+01
  2.802002503129E+00    2.62855141624586E-04      22    9.20470692310193E-01    2.03509280418513E+01
  2.806132665832E+00    2.59331199998874E-04      22    9.20336151770369E-01    2.03764353737125E+01
  2.810262828536E+00    2.55850156015469E-04      22    9.20201172289011E-01    2.04019320621171E+01
  2.814392991239E+00    2.52411549425371E-04      22    9.20066103500017E-01    2.04274152819075E+01
  2.818523153942E+00    2.49014924207267E-04      22    9.19931595769490E-01    2.04528892003248E+01
  2.822653316646E+00    2.45659828534171E-04      22    9.19939823922076E-01    2.04783499198821E+01
  2.826783479349E+00    2.42345814740322E-04      22    9.20224192710129E-01    2.05037986703738E+01
  2.830913642053E+00    2.39074358271957E-04      22    9.20508145486883E-01    2.05292353240699E+01
  2.835043804756E+00    2.35843243018599E-04      22    9.20792308673290E-01    2.05546597799649E+01
  2.839173967459E+00    2.32651826678032E-04      22    9.21076476222414E-01    2.05800736371583E+01
  2.843304130163E+00    2.29499679080118E-04      22    9.21360492150561E-01    2.06054735646406E+01
  2.847434292866E+00    2.26386374039588E-04      22    9.21644802721939E-01    2.06308621235720E+01
  2.851564455569E+00    2.23311489324590E-04      22    9.21944508370425E-01    2.06562406422872E+01
  2.855694618273E+00    2.20274606625484E-04      22    9.22247577686394E-01    2.06816062343318E+01
  2.859824780976E+00    2.17275311523872E-04      22    9.22550720139751E-01    2.07069592464480E+01
  2.863954943680E+00    2.14313193461867E-04      22    9.22853789455719E-01    2.07323018725123E+01
  2.868085106383E+00    2.11387845711601E-04      22    9.23156862779055E-01    2.07576314360159E+01
  2.872215269086E+00    2.08498865344955E-04      23    9.23459001225045E-01    2.07829490616401E+01
  2.876345431790E+00    2.05645853203534E-04      23    9.23547574086542E-01    2.08082574564796E+01
  2.880475594493E+00    2.02828413868858E-04      23    9.23325496948082E-01    2.08335502297055E+01
  2.884605757196E+00    2.00046155632779E-04      23    9.23103473808255E-01    2.08588347073261E+01
  2.888735919900E+00    1.97298690468133E-04      23    9.22881613028598E-01    2.08841058569931E+01
  2.892866082603E+00    1.94585633999597E-04      23    9.22659373529968E-01    2.09093660306989E+01
  2.896996245307E+00    1.91906605474782E-04      23    9.22437350390141E-01    2.09346139963714E+01
  2.901126408010E+00    1.89261227735524E-04      23    9.22234548568748E-01    2.09598499786796E+01
  2.905256570713E+00    1.86649127189411E-04      23    9.22400423945859E-01    2.09850736797432E+01
  2.909386733417E+00    1.84070874299356E-04      23    9.22610619963266E-01    2.10102875672118E+01
  2.913516896120E+00    1.81525513959175E-04      23    9.22820402056740E-01    2.10354872216335E+01
  2.917647058824E+00    1.79012284913897E-04      23    9.23031132885690E-01    2.10606777974783E+01
  2.921777221527E+00    1.76530828476366E-04      23    9.23241105531778E-01    2.10858581895185E+01
  2.925907384230E+00    1.74080789373663E-04      23    9.23451063864006E-01    2.11110231370799E+01
  2.930037546934E+00    1.71661815719977E-04      23    9.23426092795420E-01    2.11361797428125E+01
  2.934167709637E+00    1.69273558989677E-04      23    9.23139892909541E-01    2.11613221328905E+01
  2.938297872340E+00    1.66915673990595E-04      23    9.22853710199095E-01    2.11864554942920E+01
  2.942428035044E+00    1.64587818837484E-04      23    9.22566756271724E-01    2.12115757734312E+01
  2.946558197747E+00    1.62289654925683E-04      23    9.22280431324357E-01    2.12366838991844E+01
  2.950688360451E+00    1.60020846904972E-04      23    9.21994300474705E-01    2.12617818548325E+01
  2.954818523154E+00    1.57781062653615E-04      23    9.21740929453541E-01    2.12868684124928E+01
  2.958948685857E+00    1.55569973252589E-04      23    9.21826081890641E-01    2.13119420507158E+01
  2.963078848561E+00    1.53387252960004E-04      23    9.21942659460690E-01    2.13370053058554E+01
  2.967209011264E+00    1.51232579185706E-04      23    9.22059243825644E-01    2.13620575432318E+01
  2.971339173967E+00    1.49105632466059E-04      23    9.22175179858281E-01    2.13870974446300E+01
  2.975469336671E+00    1.47006096438915E-04      23    9.22291926044774E-01    2.14121274805594E+01
  2.979599499374E+00    1.44933657818754E-04      23    9.22407700255873E-01    2.14371441838448E+01
  2.983729662078E+00    1.42888006372013E-04      23    9.22449023951676E-01    2.14621505903691E+01
  2.987859824781E+00    1.40868834892581E-04      23    9.22425542682457E-01    2.14871456822548E+01
  2.991989987484E+00    1.38875839177472E-04      23    9.22401957689764E-01    2.15121284051405E+01
  2.996120150188E+00    1.36908718002673E-04      23    9.22378373068010E-01    2.15371011726267E+01
  3.000250312891E+00    1.34967173099160E-04      23    9.22354782978039E-01    2.15620627754795E+01
  3.004380475594E+00    1.33050909129081E-04      23    9.22331198356284E-01    2.15870125087731E+01
  3.008510638298E+00    1.31159633662118E-04      23    9.22336715953081E-01    2.16119493196814E+01
  3.012640801001E+00    1.29293057151998E-04      23    9.22728342131355E-01    2.16368774292011E+01
  3.016770963705E+00    1.27450892913185E-04      23    9.23119621978772E-01    2.16617936315482E+01
  3.020901126408E+00    1.25632857097724E-04      23    9.23511079049736E-01    2.16866962402454E+01
  3.025031289111E+00    1.23838668672256E-04      23    9.23902532594999E-01    2.17115899522798E+01
  3.029161451815E+00    1.22068319025212E-04      24    9.24293940397986E-01    2.17364726892604E+01
  3.033291614518E+00    1.20321500226580E-04      24    9.24685443211225E-01    2.17613443245721E+01
  3.037421777222E+00    1.18597676846084E-04      24    9.24921970134404E-01    2.17862041371645E+01
  3.041551939925E+00    1.16896579496686E-04      24    9.25057477864932E-01    2.18110509758320E+01
  3.045682102628E+00    1.15217941484116E-04      24    9.25194018404756E-01    2.18358897744547E+01
  3.049812265332E+00    1.13561498784908E-04      24    9.25329526135284E-01    2.18607167715876E+01
  3.053942428035E+00    1.11926990024593E-04      24    9.25465066675107E-01    2.18855299730541E+01
  3.058072590738E+00    1.10314156456043E-04      24    9.25600574405635E-01    2.19103337895203E+01
  3.062202753442E+00    1.08722741937956E-04      24    9.25634601128205E-01    2.19351272810958E+01
  3.066332916145E+00    1.07152492913499E-04      24    9.25186471578879E-01    2.19599099516668E+01
  3.070463078849E+00    1.05603158389087E-04      24    9.24718840677470E-01    2.19846808498228E+01
  3.074593241552E+00    1.04074489913317E-04      24    9.24251184611750E-01    2.20094392370986E+01
  3.078723404255E+00    1.02566241556031E-04      24    9.23783465409171E-01    2.20341889731310E+01
  3.082853566959E+00    1.01078169887539E-04      24    9.23315702974583E-01    2.20589266961953E+01
  3.086983729662E+00    9.96100339579665E-05      24    9.22848090140872E-01    2.20836524681707E+01
  3.091113892365E+00    9.81615952767554E-05      24    9.23032755041546E-01    2.21083683969511E+01
  3.095244055069E+00    9.67326177922931E-05      24    9.23541909031026E-01    2.21330746075030E+01
  3.099374217772E+00    9.53228678716864E-05      24    9.24051186055365E-01    2.21577656522332E+01
  3.103504380476E+00    9.39321142806670E-05      24    9.24560340044844E-01    2.21824501648840E+01
  3.107634543179E+00    9.25601281636357E-05      24    9.25069593551447E-01    2.22071213425122E+01
  3.111764705882E+00    9.12066830238395E-05      24    9.25578771058663E-01    2.22317823235524E+01
  3.115894868586E+00    8.98715547036799E-05      24    9.25945229980743E-01    2.22564312420865E+01
  3.120025031289E+00    8.85545213651572E-05      24    9.25739919171008E-01    2.22810700929682E+01
  3.124155193992E+00    8.72553634704417E-05      24    9.25534657575216E-01    2.23056989495103E+01
  3.128285356696E+00    8.59738637625783E-05      24    9.25329470923583E-01    2.23303180687503E+01
  3.132415519399E+00    8.47098072463169E-05      24    9.25124336352601E-01    2.23549231509221E+01
  3.136545682103E+00    8.34629811690731E-05      24    9.24919251679090E-01    2.23795196904978E+01
  3.140675844806E+00    8.22331750020139E-05      24    9.24714147283968E-01    2.24041029134930E+01
  3.144806007509E+00    8.10201804212710E-05      24    9.24840248571993E-01    2.24286768707224E+01
  3.148936170213E+00    7.98237912892787E-05      24    9.25087637599802E-01    2.24532406073309E+01
  3.153066332916E+00    7.86438036362334E-05      24    9.25334304828233E-01    2.24777903245685E+01
  3.157196495620E+00    7.74800156416800E-05      24    9.25581912589815E-01    2.25023337230103E+01
  3.161326658323E+00    7.63322276162178E-05      24    9.25829032079573E-01    2.25268647263617E+01
  3.165456821026E+00    7.52002419833282E-05      24    9.26076523069250E-01    2.25513838263865E+01
  3.169586983730E+00    7.40838632613229E-05      24    9.26236084418579E-01    2.25758934259856E+01
  3.173717146433E+00    7.29828980454114E-05      24    9.26150530510950E-01    2.26003911567396E+01
  3.177847309136E+00    7.18971549898874E-05      24    9.26064837816751E-01    2.26248797918098E+01
  3.181977471840E+00    7.08264447904328E-05      24    9.25979517001344E-01    2.26493568905525E+01
  3.186107634543E+00    6.97705801665378E-05      24    9.25894432647782E-01    2.26738208220325E+01
  3.190237797247E+00    6.87293758440383E-05      25    9.25808740316202E-01    2.26982775304200E+01
  3.194367959950E+00    6.77026485377675E-05      25    9.25724818386184E-01    2.27227245362482E+01
  3.198498122653E+00    6.66902169343234E-05      25    9.25762054043973E-01    2.27471575598306E+01
  3.202628285357E+00    6.56919016749475E-05      25    9.25832630986957E-01    2.27715817759254E+01
  3.206758448060E+00    6.47075253385186E-05      25    9.25903225018115E-01    2.27959920289986E+01
  3.210888610763E+00    6.37369124246582E-05      25    9.25973801961098E-01    2.28203971372283E+01
  3.215018773467E+00    6.27798893369463E-05      25    9.26044378904081E-01    2.28447894979296E+01
  3.219148936170E+00    6.18362843662491E-05      25    9.26114972935239E-01    2.28691680327783E+01
  3.223279098874E+00    6.09059276741558E-05      25    9.26125520194844E-01    2.28935407733276E+01
  3.227409261577E+00    5.99886512765248E-05      25    9.26011578342627E-01    2.29178999556816E+01
  3.231539424280E+00    5.90842890271381E-05      25    9.25898646636217E-01    2.29422500825292E+01
  3.235669586984E+00    5.81926766014646E-05      25    9.25784723527444E-01    2.29665889378864E+01
  3.239799749687E+00    5.73136514805289E-05      25    9.25671773077591E-01    2.29909154561582E+01
  3.243929912390E+00    5.64470529348871E-05      25    9.25557849968818E-01    2.30152337063087E+01
  3.248060075094E+00    5.55927220087098E-05      25    9.25444926860045E-01    2.30395424953698E+01
  3.252190237797E+00    5.47505015039675E-05      25    9.25338853179427E-01    2.30638394065652E+01
  3.256320400501E+00    5.39202359647233E-05      25    9.25234399303812E-01    2.30881254750976E+01
  3.260450563204E+00    5.31017716615272E-05      25    9.25130938550925E-01    2.31124017803113E+01
  3.264580725907E+00    5.22949565759152E-05      25    9.25026466262083E-01    2.31366681097358E+01
  3.268710888611E+00    5.14996403850104E-05      25    9.24922012386467E-01    2.31609223781486E+01
  3.272841051314E+00    5.07156744462257E-05      25    9.24817533220353E-01    2.31851657138509E+01
  3.276971214018E+00    4.99429117820691E-05      25    9.24827752502487E-01    2.32094008689525E+01
  3.281101376721E+00    4.91812070650486E-05      25    9.25012269826853E-01    2.32336241636870E+01
  3.285231539424E+00    4.84304166026784E-05      25    9.25196797035255E-01    2.32578385427564E+01
  3.289361702128E+00    4.76903983225843E-05      25    9.25381297087012E-01    2.32820422957771E+01
  3.293491864831E+00    4.69610117577089E-05      25    9.25565694308378E-01    2.33062318883966E+01
  3.297622027534E+00    4.62421180316141E-05      25    9.25750023798545E-01    2.33304161871091E+01
  3.301752190238E+00    4.55335798438832E-05      25    9.25941420518813E-01    2.33545880269257E+01
  3.305882352941E+00    4.48352614556204E-05      25    9.26248837039122E-01    2.33787504046522E+01
  3.310012515645E+00    4.41470286750461E-05      25    9.26573490976845E-01    2.34028997109640E+01
  3.314142678348E+00    4.34687488431904E-05      25    9.26898144914568E-01    2.34270430214293E+01
  3.318272841051E+00    4.28002908196813E-05      25    9.27222877457896E-01    2.34511724972256E+01
  3.322403003755E+00    4.21415249686302E-05      25    9.27547531395618E-01    2.34752926575163E+01
  3.326533166458E+00    4.14925240149690E-05      25    9.27872263938946E-01    2.34994029828797E+01
  3.330663329161E+00    4.08529877991663E-05      25    9.27890200165621E-01    2.35235028374579E+01
  3.334793491865E+00    4.02227638999144E-05      25    9.27545876612683E-01    2.35475949781662E+01
  3.338923654568E+00    3.96017284147917E-05      25    9.27202285811810E-01    2.35716708669600E+01
  3.343053817272E+00    3.89897588807925E-05      25    9.26858870330052E-01    2.35957412151440E+01
  3.347183979975E+00    3.83867342607176E-05      25    9.26515407963785E-01    2.36198019294574E+01
  3.351314142678E+00    3.77925349296572E-05      26    9.26171955976242E-01    2.36438502347573E+01
  3.355444305382E+00    3.72070426615664E-05      26    9.25844609198785E-01    2.36678872191608E+01
  3.359574468085E+00    3.66301406159326E-05      26    9.25765286194209E-01    2.36919158325486E+01
  3.363704630788E+00    3.60617133245343E-05      26    9.25703178484384E-01    2.37159360116746E+01
  3.367834793492E+00    3.55016466782898E-05      26    9.25642070774558E-01    2.37399435426828E+01
  3.371964956195E+00    3.49498279141983E-05      26    9.25580948027139E-01    2.37639406688488E+01
  3.376095118899E+00    3.44061456023696E-05      26    9.25519840317314E-01    2.37879298764335E+01
  3.380225281602E+00    3.38704896331440E-05      26    9.25458730372610E-01    2.38119068793961E+01
  3.384355444305E+00    3.33427512043021E-05      26    9.25621396281408E-01    2.38358761564752E+01
  3.388485607009E+00    3.28228228083625E-05      26    9.25987601028114E-01    2.38598339803824E+01
  3.392615769712E+00    3.23105982199692E-05      26    9.26354485346943E-01    2.38837814464171E+01
  3.396745932416E+00    3.18059724833659E-05      26    9.26721043254684E-01    2.39077176546190E+01
  3.400876095119E+00    3.13088418999599E-05      26    9.27087509141899E-01    2.39316453364510E+01
  3.405006257822E+00    3.08191040159712E-05      26    9.27453574515992E-01    2.39555618438905E+01
  3.409136420526E+00    3.03366576101710E-05      26    9.27775881109076E-01    2.39794701897733E+01
  3.413266583229E+00    2.98614026817053E-05      26    9.27593501486982E-01    2.40033676525358E+01
  3.417396745932E+00    2.93932404380050E-05      26    9.27398432351786E-01    2.40272550387723E+01
  3.421526908636E+00    2.89320732827834E-05      26    9.27202639989153E-01    2.40511328065962E+01
  3.425657071339E+00    2.84778048041170E-05      26    9.27007800463156E-01    2.40749982722030E+01
  3.429787234043E+00    2.80303397626146E-05      26    9.26812008100522E-01    2.40988566683008E+01
  3.433917396746E+00    2.75895840796683E-05      26    9.26617215737888E-01    2.41227062505031E+01
  3.438047559449E+00    2.71554448257914E-05      26    9.26863438586511E-01    2.41465420435693E+01
  3.442177722153E+00    2.67278302090400E-05      26    9.27418761819499E-01    2.41703700922821E+01
  3.446307884856E+00    2.63066495635174E-05      26    9.27973541569819E-01    2.41941879024293E+01
  3.450438047559E+00    2.58918133379643E-05      26    9.28528687880527E-01    2.42179950480411E+01
  3.454568210263E+00    2.54834240703921E-05      26    9.29083834191235E-01    2.42417921141120E+01
  3.458698372966E+00    2.50812874954863E-05      26    9.29639115156762E-01    2.42655789669168E+01
  3.462828535670E+00    2.46852295947794E-05      26    9.30051456084460E-01    2.42893581327611E+01
  3.466958698373E+00    2.42951651256081E-05      26    9.29737013064381E-01    2.43131258692319E+01
  3.471088861076E+00    2.39110099066151E-05      26    9.29389727332611E-01    2.43368858619498E+01
  3.475219023780E+00    2.35326808067866E-05      26    9.29041488773133E-01    2.43606341780248E+01
  3.479349186483E+00    2.31600957345703E-05      26    9.28694173777413E-01    2.43843724426544E+01
  3.483479349186E+00    2.27931736270755E-05      26    9.28345927580357E-01    2.44081019157050E+01
  3.487609511890E+00    2.24318344393547E-05      26    9.27998689020880E-01    2.44318194517207E+01
  3.491739674593E+00    2.20759991337649E-05      26    9.27991506373740E-01    2.44555303386489E+01
  3.495869837297E+00    2.17255896694110E-05      26    9.28165334979558E-01    2.44792301379348E+01
  3.500000000000E+00    1.06902644958341E-05      26    9.28338610389610E-01    2.45029198181818E+01
