# EEE =   0.328000   n_T = 800   NE_HI = 30
# T_keV                w_T[ev/(kg dia)]        n_F   p_F                     lambda_creados
  2.000000000000E-01    1.22358060566012E+00       0    2.00000000000000E-02    0.00000000000000E+00
  2.072590738423E-01    2.26498423255554E+00       0    2.00000000000000E-02    0.00000000000000E+00
  2.145181476846E-01    2.09830950182326E+00       1    4.92187890219433E-01    5.59960893406103E-01
  2.217772215269E-01    1.94563756924485E+00       1    5.07971516828262E-01    6.04497462064097E-01
  2.290362953692E-01    1.80559024986114E+00       1    5.20166140170976E-01    6.50344437310519E-01
  2.362953692115E-01    1.67697089979759E+00       1    5.27947992769681E-01    6.97417284272641E-01
  2.435544430538E-01    1.55871154254548E+00       1    5.30530742304533E-01    7.45663133599129E-01
  2.508135168961E-01    1.44983882711118E+00       1    5.38355768323540E-01    7.95004782303263E-01
  2.580725907384E-01    1.34951317120700E+00       2    5.41629455000723E-01    8.45380048558760E-01
  2.653316645807E-01    1.25696342886817E+00       2    5.45823610015739E-01    8.96732644113730E-01
  2.725907384230E-01    1.17149733790129E+00       2    5.46956655654314E-01    9.48981801274035E-01
  2.798498122653E-01    1.09249732796111E+00       2    5.41817187707101E-01    1.00209411114939E+00
  2.871088861076E-01    1.01941527161742E+00       2    5.47112429782823E-01    1.05598044796465E+00
  2.943679599499E-01    9.51733169569792E-01       2    5.54504942579444E-01    1.11062203078394E+00
  3.016270337922E-01    8.89009983083264E-01       2    5.54085502880804E-01    1.16592570130299E+00
  3.088861076345E-01    8.30824717484070E-01       2    5.52943808820348E-01    1.22188427124939E+00
  3.161451814768E-01    7.76809673893105E-01       2    5.53744693569860E-01    1.27840808484960E+00
  3.234042553191E-01    7.26629094736085E-01       2    5.58005746216573E-01    1.33548865406118E+00
  3.306633291615E-01    6.79976355230332E-01       2    5.60857869294005E-01    1.39305798245285E+00
  3.379224030038E-01    6.36571394331658E-01       3    5.61179732088442E-01    1.45108410539319E+00
  3.451814768461E-01    5.96158365758736E-01       3    5.57095733143641E-01    1.50953349883841E+00
  3.524405506884E-01    5.58503491258230E-01       3    5.67960479802295E-01    1.56835751832840E+00
  3.596996245307E-01    5.23404862373285E-01       3    5.62638570187489E-01    1.62753925169473E+00
  3.669586983730E-01    4.90658230693187E-01       3    5.66530260768607E-01    1.68702300496235E+00
  3.742177722153E-01    4.60097451959565E-01       3    5.64530483993976E-01    1.74681029244926E+00
  3.814768460576E-01    4.31554546378863E-01       3    5.62330212699795E-01    1.80683267733463E+00
  3.887359198999E-01    4.04882271422299E-01       3    5.65669875571761E-01    1.86711204630997E+00
  3.959949937422E-01    3.79945679086246E-01       3    5.64767118793831E-01    1.92756988847948E+00
  4.032540675845E-01    3.56620337560598E-01       4    5.67241328990533E-01    1.98823247443157E+00
  4.105131414268E-01    3.34791487518686E-01       4    5.67428936308898E-01    2.04904222490787E+00
  4.177722152691E-01    3.14353265039637E-01       4    5.56308573816644E-01    2.11000134137021E+00
  4.250312891114E-01    2.95207986193961E-01       4    5.69261932367170E-01    2.17108057284903E+00
  4.322903629537E-01    2.77268280704474E-01       4    5.74776070388833E-01    2.23226572978712E+00
  4.395494367960E-01    2.60450935635390E-01       4    5.67508664886192E-01    2.29354256445873E+00
  4.468085106383E-01    2.44677485303752E-01       4    5.68652075012437E-01    2.35488657150893E+00
  4.540675844806E-01    2.29881836669746E-01       4    5.78903545508639E-01    2.41630384968085E+00
  4.613266583229E-01    2.15995021473308E-01       4    5.76376441054962E-01    2.47774828758744E+00
  4.685857321652E-01    2.02958265027293E-01       4    5.73663024297994E-01    2.53925169860386E+00
  4.758448060075E-01    1.90717278642374E-01       5    5.74234729575104E-01    2.60075279139374E+00
  4.831038798498E-01    1.79218353548126E-01       5    5.71250522878267E-01    2.66229061158300E+00
  4.903629536921E-01    1.68414031885618E-01       5    5.77803303372693E-01    2.72381311645113E+00
  4.976220275344E-01    1.58260100138829E-01       5    5.80647073446179E-01    2.78534447977428E+00
  5.048811013767E-01    1.48715357548114E-01       5    5.83240440219879E-01    2.84685405477147E+00
  5.121401752190E-01    1.39741401186708E-01       5    5.86452757584985E-01    2.90835075392077E+00
  5.193992490613E-01    1.31302426538958E-01       5    5.76599706332068E-01    2.96981530138392E+00
  5.266583229036E-01    1.23365042493939E-01       5    5.80379133062380E-01    3.03124703650233E+00
  5.339173967459E-01    1.15898099738778E-01       5    5.83599294839067E-01    3.09264465799536E+00
  5.411764705882E-01    1.08872531602759E-01       5    5.83219264097913E-01    3.15398718256412E+00
  5.484355444305E-01    1.02263264534179E-01       5    5.86657900389295E-01    3.21529467008944E+00
  5.556946182728E-01    9.60430308130763E-02       6    5.81386067537812E-01    3.27653149201252E+00
  5.629536921151E-01    9.01886396313238E-02       6    5.83699306665959E-01    3.33772877238394E+00
  5.702127659574E-01    8.46795125416147E-02       6    5.87887910098993E-01    3.39884427064612E+00
  5.774718397997E-01    7.94931796845438E-02       6    5.89401118011922E-01    3.45991317169051E+00
  5.847309136421E-01    7.46125010360974E-02       6    5.84639307136292E-01    3.52089676433502E+00
  5.919899874844E-01    7.00178212059088E-02       6    5.85651253095936E-01    3.58182290897287E+00
  5.992490613267E-01    6.56930132124659E-02       6    5.83235360599054E-01    3.64266672620824E+00
  6.065081351690E-01    6.16226800095564E-02       6    5.84671331642527E-01    3.70344013922370E+00
  6.137672090113E-01    5.77912087336349E-02       6    5.88426803338551E-01    3.76413533503900E+00
  6.210262828536E-01    5.41849097543990E-02       7    5.86393012080779E-01    3.82474894821264E+00
  6.282853566959E-01    5.07913106012836E-02       7    5.88262835953023E-01    3.88528548473146E+00
  6.355444305382E-01    4.75979172834444E-02       7    5.89769597790613E-01    3.94573355750112E+00
  6.428035043805E-01    4.45930207877486E-02       7    5.91599516838845E-01    4.00610661676724E+00
  6.500625782228E-01    4.17658620637693E-02       7    5.88257383348128E-01    4.06638358934033E+00
  6.573216520651E-01    3.91063000300322E-02       7    5.91782945492883E-01    4.12658962579666E+00
  6.645807259074E-01    3.66047745860460E-02       7    5.82656383410049E-01    4.18669115272612E+00
  6.718397997497E-01    3.42522719563234E-02       7    5.86059233735918E-01    4.24672105254962E+00
  6.790988735920E-01    3.20402922164238E-02       7    5.88407271012495E-01    4.30665143972712E+00
  6.863579474343E-01    2.99608188603039E-02       7    5.93654970462485E-01    4.36650187025289E+00
  6.936170212766E-01    2.80064375359243E-02       7    5.92210505403866E-01    4.42626027479562E+00
  7.008760951189E-01    2.61702074307919E-02       8    5.84093764313443E-01    4.48593109487239E+00
  7.081351689612E-01    2.44450909806667E-02       8    5.90887329652153E-01    4.54551319403491E+00
  7.153942428035E-01    2.28247272555537E-02       8    5.95932808259138E-01    4.60500441884214E+00
  7.226533166458E-01    2.13032915327426E-02       8    5.91577129306124E-01    4.66441070492233E+00
  7.299123904881E-01    1.98754346747782E-02       8    5.89772594010897E-01    4.72372134451707E+00
  7.371714643304E-01    1.85353116784932E-02       8    5.89931007119201E-01    4.78295333874403E+00
  7.444305381727E-01    1.72782474062154E-02       8    5.92706963349102E-01    4.84208438287057E+00
  7.516896120150E-01    1.60994520387552E-02       8    5.85878013220100E-01    4.90113838544475E+00
  7.589486858573E-01    1.49942377411543E-02       8    5.90611500532053E-01    4.96009349679243E+00
  7.662077596996E-01    1.39587292874999E-02       9    5.89080889953937E-01    5.01896838199217E+00
  7.734668335419E-01    1.29885309445851E-02       9    5.91069268707199E-01    5.07775007364922E+00
  7.807259073842E-01    1.20801701809949E-02       9    5.83550054979742E-01    5.13644893829557E+00
  7.879849812265E-01    1.12298894952559E-02       9    5.82721653278051E-01    5.19505776652246E+00
  7.952440550688E-01    1.04342424397222E-02       9    5.85984672686843E-01    5.25358179442486E+00
  8.025031289111E-01    9.69034263658297E-03       9    5.93657720682707E-01    5.31202098876892E+00
  8.097622027534E-01    8.99480874865686E-03       9    5.86484473896335E-01    5.37037077292080E+00
  8.170212765957E-01    8.34485583001195E-03       9    5.85130268066360E-01    5.42864166043187E+00
  8.242803504380E-01    7.73802785457775E-03       9    5.87293353058272E-01    5.48682053949688E+00
  8.315394242804E-01    7.17149706646559E-03      10    5.83107360107878E-01    5.54492319753534E+00
  8.387984981227E-01    6.64287003036774E-03      10    5.85012691014565E-01    5.60293444142041E+00
  8.460575719650E-01    6.14987837111089E-03      10    5.83240202572344E-01    5.66087011998368E+00
  8.533166458073E-01    5.69043448445775E-03      10    5.83990045575014E-01    5.71871648390934E+00
  8.605757196496E-01    5.26247894764862E-03      10    5.79087853723934E-01    5.77648697833600E+00
  8.678347934919E-01    4.86401688066453E-03      10    5.82522072958995E-01    5.83417203340957E+00
  8.750938673342E-01    4.49322837497245E-03      10    5.77221486607921E-01    5.89177953497608E+00
  8.823529411765E-01    4.14839163697274E-03      10    5.84697596906333E-01    5.94930582848580E+00
  8.896120150188E-01    3.82787839723626E-03      10    5.87100438736747E-01    6.00675148659139E+00
  8.968710888611E-01    3.53014952511933E-03      10    5.78119904470134E-01    6.06412163988541E+00
  9.041301627034E-01    3.25375083717349E-03      10    5.86349849923421E-01    6.12140953836172E+00
  9.113892365457E-01    2.99730908854786E-03      11    5.86666651006490E-01    6.17862481943893E+00
  9.186483103880E-01    2.75952813732775E-03      11    5.79516926565272E-01    6.23575741174910E+00
  9.259073842303E-01    2.53918527246552E-03      11    5.78166994016156E-01    6.29282121889155E+00
  9.331664580726E-01    2.33512769663855E-03      11    5.84544357983484E-01    6.34979970224623E+00
  9.404255319149E-01    2.14627122276528E-03      11    5.78350143117731E-01    6.40671141591567E+00
  9.476846057572E-01    1.97165077553635E-03      11    5.77136986150485E-01    6.46354308620595E+00
  9.549436795995E-01    1.81024397207151E-03      11    5.76192880696771E-01    6.52030438611559E+00
  9.622027534418E-01    1.66114425105340E-03      11    5.81339079852018E-01    6.57698978465227E+00
  9.694618272841E-01    1.52349959863998E-03      11    5.78102309038450E-01    6.63360428482580E+00
  9.767209011264E-01    1.39651746496691E-03      11    5.84527718897181E-01    6.69014644394478E+00
  9.839799749687E-01    1.27950645989016E-03      12    5.80162456007149E-01    6.74661695206011E+00
  9.912390488110E-01    1.17169010184200E-03      12    5.79245017499841E-01    6.80301710812259E+00
  9.984981226533E-01    1.07240780539111E-03      12    5.78352449770532E-01    6.85934532292489E+00
  1.005757196496E+00    9.81093075678285E-04      12    5.72097729207002E-01    6.91560707951809E+00
  1.013016270338E+00    8.97134041146252E-04      12    5.78070374570636E-01    6.97179475746710E+00
  1.020275344180E+00    8.19963678844498E-04      12    5.76983044472314E-01    7.02792032166293E+00
  1.027534418023E+00    7.49140007368122E-04      12    5.72713787661696E-01    7.08397110013963E+00
  1.034793491865E+00    6.84129313605660E-04      13    5.69986855778720E-01    7.13995899437702E+00
  1.042052565707E+00    6.24511907327992E-04      12    5.77076853446510E-01    7.19587712064853E+00
  1.049311639549E+00    5.69881790610050E-04      13    5.79966093174943E-01    7.25173207923487E+00
  1.056570713392E+00    5.19829942087068E-04      13    5.77177248740271E-01    7.30751814942980E+00
  1.063829787234E+00    4.74032314803904E-04      13    5.69417063238570E-01    7.36324104961543E+00
  1.071088861076E+00    4.32117432638037E-04      13    5.77097299075539E-01    7.41889865955422E+00
  1.078347934919E+00    3.93810461465101E-04      13    5.74374230200492E-01    7.47449156025497E+00
  1.085607008761E+00    3.58793620788457E-04      13    5.79676195156263E-01    7.53002331952782E+00
  1.092866082603E+00    3.26818862031118E-04      13    5.73175374587601E-01    7.58548782016033E+00
  1.100125156446E+00    2.97630013529179E-04      13    5.82327976371684E-01    7.64089370734810E+00
  1.107384230288E+00    2.70991365732411E-04      13    5.78372217830319E-01    7.69623435440576E+00
  1.114643304130E+00    2.46710151517535E-04      13    5.76990934571298E-01    7.75151626639719E+00
  1.121902377972E+00    2.24566213948433E-04      14    5.70875353817399E-01    7.80673346322610E+00
  1.129161451815E+00    2.04392690056919E-04      14    5.74506662004624E-01    7.86189369912239E+00
  1.136420525657E+00    1.86020782664581E-04      14    5.73820022456061E-01    7.91699075737181E+00
  1.143679599499E+00    1.69287045111173E-04      14    5.65595156986304E-01    7.97203056141833E+00
  1.150938673342E+00    1.54057278823063E-04      14    5.74801689021446E-01    8.02700927317164E+00
  1.158197747184E+00    1.40202545152515E-04      14    5.73511729022936E-01    8.08193018520570E+00
  1.165456821026E+00    1.27594814995442E-04      14    5.68134444348217E-01    8.13679281656531E+00
  1.172715894869E+00    1.16124884730726E-04      14    5.73862845987569E-01    8.19159764568889E+00
  1.179974968711E+00    1.05697465123363E-04      14    5.77716778301325E-01    8.24634588460247E+00
  1.187234042553E+00    9.62166734238414E-05      14    5.76265610409742E-01    8.30103469048366E+00
  1.194493116395E+00    8.75950329337712E-05      15    5.73113072714198E-01    8.35567084495059E+00
  1.201752190238E+00    7.97553374619239E-05      15    5.76384984973168E-01    8.41024636893513E+00
  1.209011264080E+00    7.26269219184256E-05      15    5.77239962316455E-01    8.46477006575410E+00
  1.216270337922E+00    6.61466801833381E-05      15    5.68275622077156E-01    8.51923497140317E+00
  1.223529411765E+00    6.02552636680810E-05      15    5.75675989255885E-01    8.57364888081338E+00
  1.230788485607E+00    5.48969110745459E-05      15    5.70002851475222E-01    8.62800553558111E+00
  1.238047559449E+00    5.00226691983460E-05      15    5.70239915581956E-01    8.68230946721697E+00
  1.245306633292E+00    4.55879504093365E-05      15    5.76540257010521E-01    8.73655966311214E+00
  1.252565707134E+00    4.15521798794984E-05      15    5.77088104483571E-01    8.79075628056058E+00
  1.259824780976E+00    3.78784661396613E-05      16    5.68513167300790E-01    8.84489992357182E+00
  1.267083854819E+00    3.45332939853022E-05      16    5.70870493767837E-01    8.89899126104849E+00
  1.274342928661E+00    3.14862387409616E-05      16    5.76461678596127E-01    8.95303115274749E+00
  1.281602002503E+00    2.87097008869469E-05      16    5.71360248558326E-01    9.00701696195668E+00
  1.288861076345E+00    2.61786600508979E-05      16    5.68525342725511E-01    9.06095495044964E+00
  1.296120150188E+00    2.38704473703629E-05      16    5.75599007567935E-01    9.11483848758599E+00
  1.303379224030E+00    2.17645352405837E-05      16    5.68786902397058E-01    9.16867413933267E+00
  1.310638297872E+00    1.98423434740193E-05      16    5.68277882838129E-01    9.22245661793995E+00
  1.317897371715E+00    1.80870609144419E-05      16    5.64515292926731E-01    9.27619211478173E+00
  1.325156445557E+00    1.64834815684466E-05      16    5.66373110716589E-01    9.32987516838627E+00
  1.332415519399E+00    1.50178543405632E-05      16    5.73890399235061E-01    9.38351072982160E+00
  1.339674593242E+00    1.36777454844997E-05      17    5.70269183797544E-01    9.43709730787409E+00
  1.346933667084E+00    1.24519129120134E-05      17    5.67635150056258E-01    9.49063446323043E+00
  1.354192740926E+00    1.13301915321055E-05      17    5.72457071278950E-01    9.54412431344640E+00
  1.361451814768E+00    1.03033888263035E-05      17    5.67964135747030E-01    9.59756405948538E+00
  1.368710888611E+00    9.36342627851685E-06      17    5.69164077240739E-01    9.65095829393186E+00
  1.375969962453E+00    8.50276804661395E-06      17    5.69071097888462E-01    9.70430403257883E+00
  1.383229036295E+00    7.71433785622540E-06      17    5.73456691387786E-01    9.75760398228163E+00
  1.390488110138E+00    6.99196953176320E-06      17    5.68940985407039E-01    9.81085475329481E+00
  1.397747183980E+00    6.33007591517128E-06      17    5.69830506612927E-01    9.86406146275598E+00
  1.405006257822E+00    5.72359104977520E-06      17    5.70605211261620E-01    9.91722015655716E+00
  1.412265331665E+00    5.16831891824825E-06      17    5.71000221498493E-01    9.97033327024564E+00
  1.419524405507E+00    4.65968484350635E-06      18    5.71549530480897E-01    1.00234013722154E+01
  1.426783479349E+00    4.19384805109235E-06      18    5.71651163372210E-01    1.00764234624283E+01
  1.434042553191E+00    3.76735953101539E-06      18    5.67866156275911E-01    1.01294010529524E+01
  1.441301627034E+00    3.37736710179597E-06      18    5.71426098103398E-01    1.01823325495768E+01
  1.448560700876E+00    3.02079041633210E-06      18    5.74439269624984E-01    1.02352218208987E+01
  1.455819774718E+00    2.69490078805597E-06      18    5.68521066511953E-01    1.02880636811552E+01
  1.463078848561E+00    2.39739365851574E-06      18    5.71320208229779E-01    1.03408648724282E+01
  1.470337922403E+00    2.12626714234326E-06      18    5.70692200829654E-01    1.03936196149269E+01
  1.477596996245E+00    1.87922411532628E-06      18    5.76477583917186E-01    1.04463325687913E+01
  1.484856070088E+00    1.65448001218472E-06      18    5.77939999603452E-01    1.04990003305974E+01
  1.492115143930E+00    1.45057476749708E-06      18    5.72347898818796E-01    1.05516274131054E+01
  1.499374217772E+00    1.26566951578571E-06      18    5.75365188052862E-01    1.06042097916111E+01
  1.506633291615E+00    1.09844586867367E-06      18    5.76953011333635E-01    1.06567505775861E+01
  1.513892365457E+00    9.47672179219853E-07      19    5.71079576057245E-01    1.07092489550575E+01
  1.521151439299E+00    8.11948230622803E-07      19    5.72895393763391E-01    1.07617048845237E+01
  1.528410513141E+00    6.90357670278878E-07      19    5.70774508358253E-01    1.08141195944976E+01
  1.535669586984E+00    5.81725948280533E-07      19    5.71284266270232E-01    1.08664915764398E+01
  1.542928660826E+00    4.85127357298709E-07      19    5.65870233513927E-01    1.09188240822967E+01
  1.550187734668E+00    3.99744135208276E-07      19    5.69602618976448E-01    1.09711133272265E+01
  1.557446808511E+00    3.24629479857937E-07      19    5.71307521143212E-01    1.10233639925786E+01
  1.564705882353E+00    2.59205359072194E-07      20    5.67963758566388E-01    1.10755714763162E+01
  1.571964956195E+00    2.02578315247462E-07      20    5.69203747244204E-01    1.11277392877811E+01
  1.579224030038E+00    1.54276042043501E-07      19    5.76664124715790E-01    1.11798665208319E+01
  1.586483103880E+00    1.13537769235096E-07      20    5.68035548857030E-01    1.12319551888836E+01
  1.593742177722E+00    7.99407081771499E-08      20    5.69189268764878E-01    1.12840020562888E+01
  1.601001251564E+00    5.28434050477662E-08      20    5.68905209944635E-01    1.13360100006666E+01
  1.608260325407E+00    3.18814885926572E-08      20    5.64263654683147E-01    1.13879779210350E+01
  1.615519399249E+00    1.64903853185281E-08      20    5.65506160955600E-01    1.14399077299883E+01
  1.622778473091E+00    6.37778882926440E-09      20    5.67811467866189E-01    1.14917972293164E+01
  1.630037546934E+00    1.04484971485776E-09      20    5.63204792713189E-01    1.15436480663382E+01
  1.637296620776E+00    0.00000000000000E+00      21    5.64417177412973E-01    1.15954610050239E+01
  1.644555694618E+00    0.00000000000000E+00      21    5.65073578442544E-01    1.16472341474478E+01
  1.651814768461E+00    0.00000000000000E+00      21    5.64809122597758E-01    1.16989703020737E+01
  1.659073842303E+00    0.00000000000000E+00      21    5.72823919889271E-01    1.17506676426920E+01
  1.666332916145E+00    0.00000000000000E+00      21    5.72876059695510E-01    1.18023268475370E+01
  1.673591989987E+00    0.00000000000000E+00      21    5.70081647827744E-01    1.18539481387898E+01
  1.680851063830E+00    0.00000000000000E+00      21    5.60493878470970E-01    1.19055329718977E+01
  1.688110137672E+00    0.00000000000000E+00      21    5.72245700354857E-01    1.19570786860414E+01
  1.695369211514E+00    0.00000000000000E+00      21    5.62196386263496E-01    1.20085879719724E+01
  1.702628285357E+00    0.00000000000000E+00      22    5.60693480462914E-01    1.20600599170155E+01
  1.709887359199E+00    0.00000000000000E+00      21    5.68713901022499E-01    1.21114946613267E+01
  1.717146433041E+00    0.00000000000000E+00      22    5.63778831874306E-01    1.21628937740358E+01
  1.724405506884E+00    0.00000000000000E+00      22    5.62248833219915E-01    1.22142547432575E+01
  1.731664580726E+00    0.00000000000000E+00      22    5.62617854255722E-01    1.22655807566991E+01
  1.738923654568E+00    0.00000000000000E+00      22    5.63967396952477E-01    1.23168687319324E+01
  1.746182728411E+00    0.00000000000000E+00      22    5.69419476544512E-01    1.23681215674618E+01
  1.753441802253E+00    0.00000000000000E+00      22    5.69003850559981E-01    1.24193382717185E+01
  1.760700876095E+00    0.00000000000000E+00      22    5.66942046478804E-01    1.24705189453318E+01
  1.767959949937E+00    0.00000000000000E+00      22    5.66040830133430E-01    1.25216647226358E+01
  1.775219023780E+00    0.00000000000000E+00      22    5.61880780402817E-01    1.25727749795100E+01
  1.782478097622E+00    0.00000000000000E+00      22    5.69257960976721E-01    1.26238481312079E+01
  1.789737171464E+00    0.00000000000000E+00      22    5.66802622831234E-01    1.26748881445920E+01
  1.796996245307E+00    0.00000000000000E+00      23    5.62465442330701E-01    1.27258924359687E+01
  1.804255319149E+00    0.00000000000000E+00      23    5.64809695917779E-01    1.27768605617100E+01
  1.811514392991E+00    0.00000000000000E+00      23    5.62206839714078E-01    1.28277947463024E+01
  1.818773466834E+00    0.00000000000000E+00      23    5.64302536561501E-01    1.28786949859478E+01
  1.826032540676E+00    0.00000000000000E+00      23    5.67241366463247E-01    1.29295604566684E+01
  1.833291614518E+00    0.00000000000000E+00      23    5.66852099913946E-01    1.29803902077548E+01
  1.840550688360E+00    0.00000000000000E+00      23    5.63469947860529E-01    1.30311884959737E+01
  1.847809762203E+00    0.00000000000000E+00      23    5.66470057114614E-01    1.30819500294501E+01
  1.855068836045E+00    0.00000000000000E+00      23    5.65190237207302E-01    1.31326791587760E+01
  1.862327909887E+00    0.00000000000000E+00      23    5.65425534597423E-01    1.31833730345716E+01
  1.869586983730E+00    0.00000000000000E+00      23    5.65403934969543E-01    1.32340337278838E+01
  1.876846057572E+00    0.00000000000000E+00      24    5.61578163149548E-01    1.32846615770127E+01
  1.884105131414E+00    0.00000000000000E+00      24    5.62188190135162E-01    1.33352545592009E+01
  1.891364205257E+00    0.00000000000000E+00      24    5.62432855600857E-01    1.33858160571523E+01
  1.898623279099E+00    0.00000000000000E+00      24    5.60965467079953E-01    1.34363432733083E+01
  1.905882352941E+00    0.00000000000000E+00      24    5.61179240995076E-01    1.34868372182004E+01
  1.913141426783E+00    0.00000000000000E+00      24    5.63671834444021E-01    1.35372983934901E+01
  1.920400500626E+00    0.00000000000000E+00      24    5.65253164457096E-01    1.35877261294862E+01
  1.927659574468E+00    0.00000000000000E+00      24    5.65622020137035E-01    1.36381217470693E+01
  1.934918648310E+00    0.00000000000000E+00      24    5.72549450573808E-01    1.36884857109786E+01
  1.942177722153E+00    0.00000000000000E+00      24    5.66930356833283E-01    1.37388168574933E+01
  1.949436795995E+00    0.00000000000000E+00      25    5.57051992863537E-01    1.37891137831197E+01
  1.956695869837E+00    0.00000000000000E+00      25    5.60885151875715E-01    1.38393802789541E+01
  1.963954943680E+00    0.00000000000000E+00      25    5.61545288218203E-01    1.38896138834655E+01
  1.971214017522E+00    0.00000000000000E+00      25    5.63054562438217E-01    1.39398165396086E+01
  1.978473091364E+00    0.00000000000000E+00      25    5.60343868961498E-01    1.39899852766493E+01
  1.985732165207E+00    0.00000000000000E+00      25    5.61813485114186E-01    1.40401234892778E+01
  1.992991239049E+00    0.00000000000000E+00      25    5.59818062341142E-01    1.40902307618960E+01
  2.000250312891E+00    0.00000000000000E+00      26    5.51723413568892E-01    1.41403054244588E+01
  2.007509386733E+00    0.00000000000000E+00      25    5.62706568568641E-01    1.41903488787945E+01
  2.014768460576E+00    0.00000000000000E+00      26    5.57104519499374E-01    1.42403597241687E+01
  2.022027534418E+00    0.00000000000000E+00      25    5.62467108765234E-01    1.42903405623135E+01
  2.029286608260E+00    0.00000000000000E+00      26    5.59325374651365E-01    1.43402902089792E+01
  2.036545682103E+00    0.00000000000000E+00      26    5.55007486515888E-01    1.43902085941358E+01
  2.043804755945E+00    0.00000000000000E+00      26    5.60496040216740E-01    1.44400969012692E+01
  2.051063829787E+00    0.00000000000000E+00      26    5.56598500757302E-01    1.44899533625852E+01
  2.058322903630E+00    0.00000000000000E+00      26    5.59610586996029E-01    1.45397786835206E+01
  2.065581977472E+00    0.00000000000000E+00      26    5.56315778430256E-01    1.45895724970509E+01
  2.072841051314E+00    0.00000000000000E+00      26    5.54431854474025E-01    1.46393374989496E+01
  2.080100125156E+00    0.00000000000000E+00      26    5.55351962822895E-01    1.46890718941149E+01
  2.087359198999E+00    0.00000000000000E+00      27    5.54872054796554E-01    1.47387765364380E+01
  2.094618272841E+00    0.00000000000000E+00      27    5.57345590908975E-01    1.47884497579185E+01
  2.101877346683E+00    0.00000000000000E+00      26    5.63455282021877E-01    1.48380918259144E+01
  2.109136420526E+00    0.00000000000000E+00      26    5.62576376136471E-01    1.48877063887832E+01
  2.116395494368E+00    0.00000000000000E+00      27    5.60564046413949E-01    1.49372882255861E+01
  2.123654568210E+00    0.00000000000000E+00      27    5.55492409454127E-01    1.49868421945238E+01
  2.130913642053E+00    0.00000000000000E+00      27    5.59914462811656E-01    1.50363650861509E+01
  2.138172715895E+00    0.00000000000000E+00      27    5.55770308244506E-01    1.50858577026104E+01
  2.145431789737E+00    0.00000000000000E+00      27    5.52347311822343E-01    1.51353231804475E+01
  2.152690863579E+00    0.00000000000000E+00      28    5.51382459952907E-01    1.51847571621646E+01
  2.159949937422E+00    0.00000000000000E+00      27    5.54812987240065E-01    1.52341613926476E+01
  2.167209011264E+00    0.00000000000000E+00      27    5.57444816450502E-01    1.52835366869461E+01
  2.174468085106E+00    0.00000000000000E+00      27    5.60025373126578E-01    1.53328835971168E+01
  2.181727158949E+00    0.00000000000000E+00      28    5.55676317510154E-01    1.53822002089267E+01
  2.188986232791E+00    0.00000000000000E+00      28    5.51921142438722E-01    1.54314889477852E+01
  2.196245306633E+00    0.00000000000000E+00      28    5.59920649911117E-01    1.54807476361718E+01
  2.203504380476E+00    0.00000000000000E+00      28    5.52825189574481E-01    1.55299764379614E+01
  2.210763454318E+00    0.00000000000000E+00      28    5.59538985124577E-01    1.55791773804798E+01
  2.218022528160E+00    0.00000000000000E+00      28    5.56465838985025E-01    1.56283505173937E+01
  2.225281602003E+00    0.00000000000000E+00      28    5.55168898862480E-01    1.56774935675921E+01
  2.232540675845E+00    0.00000000000000E+00      28    5.54356845791137E-01    1.57266078865728E+01
  2.239799749687E+00    0.00000000000000E+00      29    5.53471397305955E-01    1.57756931671102E+01
  2.247058823529E+00    0.00000000000000E+00      29    5.49801914385951E-01    1.58247521461296E+01
  2.254317897372E+00    0.00000000000000E+00      29    5.53159974821543E-01    1.58737801785947E+01
  2.261576971214E+00    0.00000000000000E+00      29    5.50234269019348E-01    1.59227812340176E+01
  2.268836045056E+00    0.00000000000000E+00      29    5.53690200786819E-01    1.59717548934733E+01
  2.276095118899E+00    0.00000000000000E+00      29    5.51783793999703E-01    1.60206986857962E+01
  2.283354192741E+00    0.00000000000000E+00      29    5.56675811243214E-01    1.60696153299431E+01
  2.290613266583E+00    0.00000000000000E+00      29    5.52627877330990E-01    1.61185036229703E+01
  2.297872340426E+00    0.00000000000000E+00      30    5.45649894194013E-01    1.61673645671762E+01
  2.305131414268E+00    0.00000000000000E+00      29    5.52161918624136E-01    1.62161963509774E+01
  2.312390488110E+00    0.00000000000000E+00      29    5.54626636649335E-01    1.62650021002313E+01
  2.319649561952E+00    0.00000000000000E+00      29    5.54764284580302E-01    1.63137785252561E+01
  2.326908635795E+00    0.00000000000000E+00      29    5.55021831332711E-01    1.63625271616423E+01
  2.334167709637E+00    0.00000000000000E+00      30    5.50252687713251E-01    1.64112484896615E+01
  2.341426783479E+00    0.00000000000000E+00      29    5.59305625332665E-01    1.64599443547732E+01
  2.348685857322E+00    0.00000000000000E+00      30    5.48271791992193E-01    1.65086093093382E+01
  2.355944931164E+00    0.00000000000000E+00      30    5.50814166895483E-01    1.65572491876405E+01
  2.363204005006E+00    0.00000000000000E+00      30    5.47141243077576E-01    1.66058610791787E+01
  2.370463078849E+00    0.00000000000000E+00      30    5.52194076261881E-01    1.66544465842094E+01
  2.377722152691E+00    0.00000000000000E+00      30    5.55393537874138E-01    1.67030033268294E+01
  2.384981226533E+00    0.00000000000000E+00      30    5.58412911871794E-01    1.67515339403348E+01
  2.392240300375E+00    0.00000000000000E+00      30    5.51934236185184E-01    1.68000376414630E+01
  2.399499374218E+00    0.00000000000000E+00      31    5.46035145733013E-01    1.68485148674715E+01
  2.406758448060E+00    0.00000000000000E+00      31    5.45551062547262E-01    1.68969628392083E+01
  2.414017521902E+00    0.00000000000000E+00      31    5.42743058773908E-01    1.69453861789214E+01
  2.421276595745E+00    0.00000000000000E+00      31    5.41585635088352E-01    1.69937820817442E+01
  2.428535669587E+00    0.00000000000000E+00      31    5.53142357849040E-01    1.70421502910597E+01
  2.435794743429E+00    0.00000000000000E+00      31    5.52003711617665E-01    1.70904934434025E+01
  2.443053817272E+00    0.00000000000000E+00      32    5.41808334823190E-01    1.71388091822574E+01
  2.450312891114E+00    0.00000000000000E+00      31    5.46144403944442E-01    1.71870980883165E+01
  2.457571964956E+00    0.00000000000000E+00      32    5.44575589680680E-01    1.72353614666772E+01
  2.464831038798E+00    0.00000000000000E+00      31    5.49514140964922E-01    1.72835976064754E+01
  2.472090112641E+00    0.00000000000000E+00      32    5.44516272350774E-01    1.73318081387808E+01
  2.479349186483E+00    0.00000000000000E+00      32    5.41781816289762E-01    1.73799920266250E+01
  2.486608260325E+00    0.00000000000000E+00      32    5.44983727223414E-01    1.74281483698075E+01
  2.493867334168E+00    0.00000000000000E+00      32    5.48462209999028E-01    1.74762797918442E+01
  2.501126408010E+00    0.00000000000000E+00      32    5.44171986232791E-01    1.75243858606838E+01
  2.508385481852E+00    0.00000000000000E+00      32    5.48217488574968E-01    1.75724640144076E+01
  2.515644555695E+00    0.00000000000000E+00      33    5.38457939004151E-01    1.76205180038134E+01
  2.522903629537E+00    0.00000000000000E+00      32    5.46772418948686E-01    1.76685456712448E+01
  2.530162703379E+00    0.00000000000000E+00      32    5.49649404822786E-01    1.77165464071549E+01
  2.537421777222E+00    0.00000000000000E+00      32    5.53523998223381E-01    1.77645226151509E+01
  2.544680851064E+00    0.00000000000000E+00      33    5.47039557504508E-01    1.78124710923467E+01
  2.551939924906E+00    0.00000000000000E+00      33    5.46787642874500E-01    1.78603958161039E+01
  2.559198998748E+00    0.00000000000000E+00      33    5.44639291143327E-01    1.79082938342783E+01
  2.566458072591E+00    0.00000000000000E+00      33    5.44417889541273E-01    1.79561682719586E+01
  2.573717146433E+00    0.00000000000000E+00      33    5.45781258422825E-01    1.80040145336510E+01
  2.580976220275E+00    0.00000000000000E+00      33    5.45971734398931E-01    1.80518366714187E+01
  2.588235294118E+00    0.00000000000000E+00      33    5.41905938545259E-01    1.80996314066125E+01
  2.595494367960E+00    0.00000000000000E+00      34    5.35547743860187E-01    1.81474038509698E+01
  2.602753441802E+00    0.00000000000000E+00      34    5.40892714750181E-01    1.81951486108215E+01
  2.610012515645E+00    0.00000000000000E+00      33    5.46388402745044E-01    1.82428689304716E+01
  2.617271589487E+00    0.00000000000000E+00      34    5.42838528987225E-01    1.82905643572878E+01
  2.624530663329E+00    0.00000000000000E+00      34    5.43061579855328E-01    1.83382336256653E+01
  2.631789737171E+00    0.00000000000000E+00      34    5.46218503684927E-01    1.83858789756617E+01
  2.639048811014E+00    0.00000000000000E+00      34    5.40368913000365E-01    1.84334993679906E+01
  2.646307884856E+00    0.00000000000000E+00      34    5.43696410788061E-01    1.84810927829731E+01
  2.653566958698E+00    0.00000000000000E+00      34    5.42516148612571E-01    1.85286636507429E+01
  2.660826032541E+00    0.00000000000000E+00      34    5.43463715557273E-01    1.85762096316358E+01
  2.668085106383E+00    0.00000000000000E+00      34    5.44174005993509E-01    1.86237282631089E+01
  2.675344180225E+00    0.00000000000000E+00      34    5.47951043169007E-01    1.86712245036214E+01
  2.682603254068E+00    0.00000000000000E+00      35    5.37793420945531E-01    1.87186945614425E+01
  2.689862327910E+00    0.00000000000000E+00      35    5.41279114663407E-01    1.87661396401174E+01
  2.697121401752E+00    0.00000000000000E+00      35    5.41279214923856E-01    1.88135617855905E+01
  2.704380475594E+00    0.00000000000000E+00      35    5.35117689760506E-01    1.88609588119934E+01
  2.711639549437E+00    0.00000000000000E+00      35    5.44579281668165E-01    1.89083302270828E+01
  2.718898623279E+00    0.00000000000000E+00      35    5.36310380960783E-01    1.89556769816116E+01
  2.726157697121E+00    0.00000000000000E+00      35    5.36966664575213E-01    1.90030002142768E+01
  2.733416770964E+00    0.00000000000000E+00      35    5.36799228410301E-01    1.90502990260554E+01
  2.740675844806E+00    0.00000000000000E+00      36    5.35707685569348E-01    1.90975741967797E+01
  2.747934918648E+00    0.00000000000000E+00      35    5.44614345368151E-01    1.91448228292862E+01
  2.755193992491E+00    0.00000000000000E+00      36    5.35468324789246E-01    1.91920484130548E+01
  2.762453066333E+00    0.00000000000000E+00      36    5.34722154944613E-01    1.92392494660507E+01
  2.769712140175E+00    0.00000000000000E+00      36    5.39787379194342E-01    1.92864279860466E+01
  2.776971214018E+00    0.00000000000000E+00      36    5.37348637001352E-01    1.93335802253522E+01
  2.784230287860E+00    0.00000000000000E+00      36    5.34865091513494E-01    1.93807093679724E+01
  2.791489361702E+00    0.00000000000000E+00      36    5.39508455492247E-01    1.94278150239621E+01
  2.798748435544E+00    0.00000000000000E+00      36    5.42202288868795E-01    1.94748958713264E+01
  2.806007509387E+00    0.00000000000000E+00      36    5.39446806213630E-01    1.95219526618767E+01
  2.813266583229E+00    0.00000000000000E+00      37    5.35520360053590E-01    1.95689856158499E+01
  2.820525657071E+00    0.00000000000000E+00      37    5.27567104276823E-01    1.96159942846298E+01
  2.827784730914E+00    0.00000000000000E+00      36    5.41858708080014E-01    1.96629797994956E+01
  2.835043804756E+00    0.00000000000000E+00      36    5.42889972718865E-01    1.97099419489763E+01
  2.842302878598E+00    0.00000000000000E+00      37    5.39155140778736E-01    1.97568803903326E+01
  2.849561952441E+00    0.00000000000000E+00      37    5.31293699865510E-01    1.98037951704559E+01
  2.856821026283E+00    0.00000000000000E+00      38    5.28139407236426E-01    1.98506843675446E+01
  2.864080100125E+00    0.00000000000000E+00      37    5.35279701228535E-01    1.98975517633698E+01
  2.871339173967E+00    0.00000000000000E+00      37    5.33899490013364E-01    1.99443947503207E+01
  2.878598247810E+00    0.00000000000000E+00      37    5.34521992008394E-01    1.99912167619678E+01
  2.885857321652E+00    0.00000000000000E+00      38    5.32921678347935E-01    2.00380120355776E+01
  2.893116395494E+00    0.00000000000000E+00      38    5.30461694341326E-01    2.00847860593063E+01
  2.900375469337E+00    0.00000000000000E+00      38    5.33198119936433E-01    2.01315351247925E+01
  2.907634543179E+00    0.00000000000000E+00      38    5.37839137367575E-01    2.01782603591499E+01
  2.914893617021E+00    0.00000000000000E+00      38    5.35061422307970E-01    2.02249651053093E+01
  2.922152690864E+00    0.00000000000000E+00      38    5.30838078727263E-01    2.02716441556385E+01
  2.929411764706E+00    0.00000000000000E+00      38    5.29796655034895E-01    2.03183019200230E+01
  2.936670838548E+00    0.00000000000000E+00      38    5.31245949406005E-01    2.03649346465619E+01
  2.943929912390E+00    0.00000000000000E+00      38    5.32092825941780E-01    2.04115457844140E+01
  2.951188986233E+00    0.00000000000000E+00      39    5.26837347995164E-01    2.04581331915415E+01
  2.958448060075E+00    0.00000000000000E+00      39    5.28380726669520E-01    2.05046958809223E+01
  2.965707133917E+00    0.00000000000000E+00      39    5.27780548785779E-01    2.05512360967214E+01
  2.972966207760E+00    0.00000000000000E+00      38    5.39083112916994E-01    2.05977552411128E+01
  2.980225281602E+00    0.00000000000000E+00      39    5.34821505635857E-01    2.06442510887815E+01
  2.987484355444E+00    0.00000000000000E+00      39    5.34448973843532E-01    2.06907230409919E+01
  2.994743429287E+00    0.00000000000000E+00      39    5.29675209418129E-01    2.07371715735619E+01
  3.002002503129E+00    0.00000000000000E+00      39    5.32550243818412E-01    2.07835993867808E+01
  3.009261576971E+00    0.00000000000000E+00      39    5.28949358777854E-01    2.08300027899370E+01
  3.016520650814E+00    0.00000000000000E+00      39    5.31830382608768E-01    2.08763836217420E+01
  3.023779724656E+00    0.00000000000000E+00      40    5.26087057367966E-01    2.09227429153414E+01
  3.031038798498E+00    0.00000000000000E+00      40    5.29831847089020E-01    2.09690788078010E+01
  3.038297872340E+00    0.00000000000000E+00      39    5.33155301398012E-01    2.10153908378478E+01
  3.045556946183E+00    0.00000000000000E+00      39    5.34103134263475E-01    2.10616819358971E+01
  3.052816020025E+00    0.00000000000000E+00      40    5.30798901203623E-01    2.11079489143390E+01
  3.060075093867E+00    0.00000000000000E+00      40    5.29409163650005E-01    2.11541955529761E+01
  3.067334167710E+00    0.00000000000000E+00      40    5.29219183162705E-01    2.12004177130138E+01
  3.074593241552E+00    0.00000000000000E+00      40    5.27515233143124E-01    2.12466193417521E+01
  3.081852315394E+00    0.00000000000000E+00      40    5.28942602536039E-01    2.12927967861222E+01
  3.089111389237E+00    0.00000000000000E+00      40    5.30040082432760E-01    2.13389528602244E+01
  3.096370463079E+00    0.00000000000000E+00      40    5.28932907142403E-01    2.13850855043511E+01
  3.103629536921E+00    0.00000000000000E+00      41    5.21048110669937E-01    2.14311966757514E+01
  3.110888610763E+00    0.00000000000000E+00      41    5.26305706307741E-01    2.14772871651482E+01
  3.118147684606E+00    0.00000000000000E+00      40    5.31921663276997E-01    2.15233532551583E+01
  3.125406758448E+00    0.00000000000000E+00      41    5.29163828965722E-01    2.15693986314326E+01
  3.132665832290E+00    0.00000000000000E+00      41    5.33575459779385E-01    2.16154215496151E+01
  3.139924906133E+00    0.00000000000000E+00      41    5.24569113847818E-01    2.16614203218296E+01
  3.147183979975E+00    0.00000000000000E+00      41    5.26913497012743E-01    2.17073996810608E+01
  3.154443053817E+00    0.00000000000000E+00      41    5.30305579138019E-01    2.17533559807030E+01
  3.161702127660E+00    0.00000000000000E+00      41    5.30285250474055E-01    2.17992901130146E+01
  3.168961201502E+00    0.00000000000000E+00      42    5.24677042157915E-01    2.18452010073971E+01
  3.176220275344E+00    0.00000000000000E+00      42    5.25900793704842E-01    2.18910922449533E+01
  3.183479349186E+00    0.00000000000000E+00      42    5.25280178145843E-01    2.19369611840699E+01
  3.190738423029E+00    0.00000000000000E+00      42    5.22095211520330E-01    2.19828064249168E+01
  3.197997496871E+00    0.00000000000000E+00      42    5.25084624762655E-01    2.20286294659693E+01
  3.205256570713E+00    0.00000000000000E+00      42    5.25841099090315E-01    2.20744340685436E+01
  3.212515644556E+00    0.00000000000000E+00      42    5.21944498707510E-01    2.21202160697178E+01
  3.219774718398E+00    0.00000000000000E+00      42    5.24747164792856E-01    2.21659744859742E+01
  3.227033792240E+00    0.00000000000000E+00      42    5.24716724005227E-01    2.22117109669067E+01
  3.234292866083E+00    0.00000000000000E+00      43    5.18278202333992E-01    2.22574284101771E+01
  3.241551939925E+00    0.00000000000000E+00      43    5.19818730065835E-01    2.23031229474311E+01
  3.248811013767E+00    0.00000000000000E+00      42    5.28116016054887E-01    2.23487960175018E+01
  3.256070087610E+00    0.00000000000000E+00      42    5.28804468259055E-01    2.23944461919960E+01
  3.263329161452E+00    0.00000000000000E+00      43    5.23692437771790E-01    2.24400768861701E+01
  3.270588235294E+00    0.00000000000000E+00      43    5.23945333147289E-01    2.24856839813873E+01
  3.277847309136E+00    0.00000000000000E+00      43    5.18829282270832E-01    2.25312718533944E+01
  3.285106382979E+00    0.00000000000000E+00      44    5.16903791502340E-01    2.25768361419538E+01
  3.292365456821E+00    0.00000000000000E+00      43    5.22411545554444E-01    2.26223809278676E+01
  3.299624530663E+00    0.00000000000000E+00      43    5.22672495449821E-01    2.26679036053974E+01
  3.306883604506E+00    0.00000000000000E+00      44    5.16029632126145E-01    2.27134037520060E+01
  3.314142678348E+00    0.00000000000000E+00      43    5.24860882170572E-01    2.27588844435473E+01
  3.321401752190E+00    0.00000000000000E+00      44    5.22569865726226E-01    2.28043427312862E+01
  3.328660826033E+00    0.00000000000000E+00      44    5.18081556521643E-01    2.28497789052157E+01
  3.335919899875E+00    0.00000000000000E+00      44    5.16283989764824E-01    2.28951961705508E+01
  3.343178973717E+00    0.00000000000000E+00      44    5.22102695262299E-01    2.29405916304020E+01
  3.350438047559E+00    0.00000000000000E+00      44    5.26018463958041E-01    2.29859633666631E+01
  3.357697121402E+00    0.00000000000000E+00      44    5.22838744143072E-01    2.30313161968978E+01
  3.364956195244E+00    0.00000000000000E+00      45    5.14060906603435E-01    2.30766494757044E+01
  3.372215269086E+00    0.00000000000000E+00      44    5.23836010696612E-01    2.31219599960776E+01
  3.379474342929E+00    0.00000000000000E+00      45    5.12048749502619E-01    2.31672478851560E+01
  3.386733416771E+00    0.00000000000000E+00      45    5.17570443831645E-01    2.32125171994541E+01
  3.393992490613E+00    0.00000000000000E+00      45    5.16925022175296E-01    2.32577649953949E+01
  3.401251564456E+00    0.00000000000000E+00      45    5.13543898092956E-01    2.33029901800281E+01
  3.408510638298E+00    0.00000000000000E+00      45    5.16814552326294E-01    2.33481965749146E+01
  3.415769712140E+00    0.00000000000000E+00      46    5.11591949649871E-01    2.33933831228359E+01
  3.423028785982E+00    0.00000000000000E+00      45    5.17254288590399E-01    2.34385464571447E+01
  3.430287859825E+00    0.00000000000000E+00      46    5.14722249954515E-01    2.34836895881275E+01
  3.437546933667E+00    0.00000000000000E+00      46    5.10737815237956E-01    2.35288104826687E+01
  3.444806007509E+00    0.00000000000000E+00      46    5.13586712504190E-01    2.35739143441676E+01
  3.452065081352E+00    0.00000000000000E+00      46    5.17657540458697E-01    2.36189928802347E+01
  3.459324155194E+00    0.00000000000000E+00      46    5.13387659583800E-01    2.36640551214699E+01
  3.466583229036E+00    0.00000000000000E+00      46    5.19512669639167E-01    2.37090950467652E+01
  3.473842302879E+00    0.00000000000000E+00      46    5.14218462962642E-01    2.37541135878278E+01
  3.481101376721E+00    0.00000000000000E+00      46    5.12517358846863E-01    2.37991126450795E+01
  3.488360450563E+00    0.00000000000000E+00      47    5.12188329295048E-01    2.38440897387505E+01
  3.495619524406E+00    0.00000000000000E+00      46    5.16273358844863E-01    2.38890467198162E+01
  3.502878598248E+00    0.00000000000000E+00      46    5.16752832314961E-01    2.39339831506231E+01
  3.510137672090E+00    0.00000000000000E+00      47    5.13323499137137E-01    2.39788997395843E+01
  3.517396745932E+00    0.00000000000000E+00      47    5.12403679153330E-01    2.40237951204069E+01
  3.524655819775E+00    0.00000000000000E+00      47    5.11914887655756E-01    2.40686713088192E+01
  3.531914893617E+00    0.00000000000000E+00      47    5.08319945074516E-01    2.41135248783571E+01
  3.539173967459E+00    0.00000000000000E+00      47    5.09550023864548E-01    2.41583598661156E+01
  3.546433041302E+00    0.00000000000000E+00      47    5.14036943556140E-01    2.42031731509432E+01
  3.553692115144E+00    0.00000000000000E+00      48    5.10115023612199E-01    2.42479665208257E+01
  3.560951188986E+00    0.00000000000000E+00      48    5.08043011108005E-01    2.42927404305304E+01
  3.568210262829E+00    0.00000000000000E+00      47    5.15620359518041E-01    2.43374952864568E+01
  3.575469336671E+00    0.00000000000000E+00      48    5.09291863993835E-01    2.43822271483028E+01
  3.582728410513E+00    0.00000000000000E+00      48    5.06402810560388E-01    2.44269392852824E+01
  3.589987484355E+00    0.00000000000000E+00      48    5.05624016492150E-01    2.44716331730354E+01
  3.597246558198E+00    0.00000000000000E+00      48    5.11172637232919E-01    2.45163059935264E+01
  3.604505632040E+00    0.00000000000000E+00      48    5.14644247836915E-01    2.45609572333596E+01
  3.611764705882E+00    0.00000000000000E+00      48    5.09831542069487E-01    2.46055905874459E+01
  3.619023779725E+00    0.00000000000000E+00      48    5.11557212905916E-01    2.46502029258330E+01
  3.626282853567E+00    0.00000000000000E+00      49    5.05941637312226E-01    2.46947943834544E+01
  3.633541927409E+00    0.00000000000000E+00      49    5.07400544425025E-01    2.47393659997857E+01
  3.640801001252E+00    0.00000000000000E+00      49    5.04949244539409E-01    2.47839175172237E+01
  3.648060075094E+00    0.00000000000000E+00      49    5.07743381114529E-01    2.48284499124455E+01
  3.655319148936E+00    0.00000000000000E+00      49    5.04723725127436E-01    2.48729629347105E+01
  3.662578222778E+00    0.00000000000000E+00      49    5.10564885694970E-01    2.49174561622603E+01
  3.669837296621E+00    0.00000000000000E+00      49    5.11530349726382E-01    2.49619306359148E+01
  3.677096370463E+00    0.00000000000000E+00      49    5.09587238788827E-01    2.50063813268887E+01
  3.684355444305E+00    0.00000000000000E+00      49    5.06239062274132E-01    2.50508131541870E+01
  3.691614518148E+00    0.00000000000000E+00      50    5.04985627296833E-01    2.50952274248951E+01
  3.698873591990E+00    0.00000000000000E+00      50    5.04852823710509E-01    2.51396211109886E+01
  3.706132665832E+00    0.00000000000000E+00      50    5.05511384324441E-01    2.51839940308520E+01
  3.713391739675E+00    0.00000000000000E+00      50    5.02935622994942E-01    2.52283481903310E+01
  3.720650813517E+00    0.00000000000000E+00      50    5.03058167034870E-01    2.52726816911126E+01
  3.727909887359E+00    0.00000000000000E+00      50    5.04696131276808E-01    2.53169970811494E+01
  3.735168961202E+00    0.00000000000000E+00      50    5.06925460391591E-01    2.53612923607881E+01
  3.742428035044E+00    0.00000000000000E+00      51    5.00018080766410E-01    2.54055663791937E+01
  3.749687108886E+00    0.00000000000000E+00      51    4.97987716337795E-01    2.54498209144518E+01
  3.756946182728E+00    0.00000000000000E+00      51    5.03805631303783E-01    2.54940566685226E+01
  3.764205256571E+00    0.00000000000000E+00      50    5.06374403557650E-01    2.55382722901929E+01
  3.771464330413E+00    0.00000000000000E+00      51    5.01738059121784E-01    2.55824702734841E+01
  3.778723404255E+00    0.00000000000000E+00      50    5.07543758336518E-01    2.56266489874007E+01
  3.785982478098E+00    0.00000000000000E+00      51    4.99657093262121E-01    2.56708042179196E+01
  3.793241551940E+00    0.00000000000000E+00      52    4.96495500962645E-01    2.57149439615420E+01
  3.800500625782E+00    0.00000000000000E+00      52    4.93825472997635E-01    2.57590638286968E+01
  3.807759699625E+00    0.00000000000000E+00      51    5.04247461093140E-01    2.58031627506575E+01
  3.815018773467E+00    0.00000000000000E+00      52    5.00213695954689E-01    2.58472428384580E+01
  3.822277847309E+00    0.00000000000000E+00      52    4.95705242457003E-01    2.58913029456641E+01
  3.829536921151E+00    0.00000000000000E+00      52    4.97680467190223E-01    2.59353436827402E+01
  3.836795994994E+00    0.00000000000000E+00      52    4.96515158595822E-01    2.59793672729435E+01
  3.844055068836E+00    0.00000000000000E+00      52    4.96993037993951E-01    2.60233707122665E+01
  3.851314142678E+00    0.00000000000000E+00      52    4.99299157828642E-01    2.60673551155216E+01
  3.858573216521E+00    0.00000000000000E+00      52    4.99316781572527E-01    2.61113199674377E+01
  3.865832290363E+00    0.00000000000000E+00      52    5.01224470618771E-01    2.61552637419700E+01
  3.873091364205E+00    0.00000000000000E+00      53    4.96552585403788E-01    2.61991908738334E+01
  3.880350438048E+00    0.00000000000000E+00      53    4.97509802942851E-01    2.62430976656183E+01
  3.887609511890E+00    0.00000000000000E+00      53    4.94269745722480E-01    2.62869844380560E+01
  3.894868585732E+00    0.00000000000000E+00      54    4.86997895511764E-01    2.63308555268725E+01
  3.902127659574E+00    0.00000000000000E+00      54    4.91025769944554E-01    2.63747042696130E+01
  3.909386733417E+00    0.00000000000000E+00      52    5.03745118393078E-01    2.64185327158671E+01
  3.916645807259E+00    0.00000000000000E+00      53    4.95204722017776E-01    2.64623459479009E+01
  3.923904881101E+00    0.00000000000000E+00      53    5.01874423761657E-01    2.65061398447535E+01
  3.931163954944E+00    0.00000000000000E+00      53    5.02567177662776E-01    2.65499119956734E+01
  3.938423028786E+00    0.00000000000000E+00      54    4.94635529726034E-01    2.65936653189344E+01
  3.945682102628E+00    0.00000000000000E+00      54    4.90089436592844E-01    2.66374021099576E+01
  3.952941176471E+00    0.00000000000000E+00      55    4.84909250927219E-01    2.66811203229990E+01
  3.960200250313E+00    0.00000000000000E+00      54    4.97399349400238E-01    2.67248172932133E+01
  3.967459324155E+00    0.00000000000000E+00      54    4.94225487141883E-01    2.67684973192000E+01
  3.974718397997E+00    0.00000000000000E+00      54    4.93328277748915E-01    2.68121556557744E+01
  3.981977471840E+00    0.00000000000000E+00      55    4.86579880218793E-01    2.68557984273738E+01
  3.989236545682E+00    0.00000000000000E+00      55    4.86950655544526E-01    2.68994210503660E+01
  3.996495619524E+00    0.00000000000000E+00      55    4.91902589927238E-01    2.69430245330251E+01
  4.003754693367E+00    0.00000000000000E+00      55    4.93527465460255E-01    2.69866091309450E+01
  4.011013767209E+00    0.00000000000000E+00      54    5.00786606616030E-01    2.70301753541281E+01
  4.018272841051E+00    0.00000000000000E+00      55    4.93316295895293E-01    2.70737229030142E+01
  4.025531914894E+00    0.00000000000000E+00      55    4.88732685378919E-01    2.71172524621986E+01
  4.032790988736E+00    0.00000000000000E+00      56    4.82405484311320E-01    2.71607623978560E+01
  4.040050062578E+00    0.00000000000000E+00      55    4.92890888407119E-01    2.72042554343576E+01
  4.047309136421E+00    0.00000000000000E+00      55    4.97412140656590E-01    2.72477249159762E+01
  4.054568210263E+00    0.00000000000000E+00      56    4.89944156422654E-01    2.72911799993878E+01
  4.061827284105E+00    0.00000000000000E+00      56    4.91307641315454E-01    2.73346180098808E+01
  4.069086357947E+00    0.00000000000000E+00      56    4.92679992951203E-01    2.73780330687785E+01
  4.076345431790E+00    0.00000000000000E+00      56    4.86646614793916E-01    2.74214330441577E+01
  4.083604505632E+00    0.00000000000000E+00      56    4.88785106401640E-01    2.74648139211147E+01
  4.090863579474E+00    0.00000000000000E+00      56    4.91098940741328E-01    2.75081749026563E+01
  4.098122653317E+00    0.00000000000000E+00      57    4.86538942442031E-01    2.75515167798995E+01
  4.105381727159E+00    0.00000000000000E+00      57    4.86290216304352E-01    2.75948435860148E+01
  4.112640801001E+00    0.00000000000000E+00      55    5.00251621833290E-01    2.76381504964309E+01
  4.119899874844E+00    0.00000000000000E+00      57    4.86936378880380E-01    2.76814362871880E+01
  4.127158948686E+00    0.00000000000000E+00      56    4.92011517522115E-01    2.77247067533652E+01
  4.134418022528E+00    0.00000000000000E+00      56    4.93587066010164E-01    2.77679575220152E+01
  4.141677096370E+00    0.00000000000000E+00      58    4.82147137203444E-01    2.78111931198190E+01
  4.148936170213E+00    0.00000000000000E+00      57    4.84798041075151E-01    2.78544058933518E+01
  4.156195244055E+00    0.00000000000000E+00      57    4.85648642293886E-01    2.78976027498689E+01
  4.163454317897E+00    0.00000000000000E+00      58    4.85429844540421E-01    2.79407808676362E+01
  4.170713391740E+00    0.00000000000000E+00      57    4.93065730728302E-01    2.79839419817692E+01
  4.177972465582E+00    0.00000000000000E+00      57    4.90071690870791E-01    2.80270827338394E+01
  4.185231539424E+00    0.00000000000000E+00      58    4.87530497799477E-01    2.80702049154044E+01
  4.192490613267E+00    0.00000000000000E+00      58    4.85193066767635E-01    2.81133111857481E+01
  4.199749687109E+00    0.00000000000000E+00      58    4.86975268386330E-01    2.81563985113579E+01
  4.207008760951E+00    0.00000000000000E+00      57    4.91289950721188E-01    2.81994665279291E+01
  4.214267834793E+00    0.00000000000000E+00      58    4.84028358426685E-01    2.82425190441039E+01
  4.221526908636E+00    0.00000000000000E+00      58    4.86081906966337E-01    2.82855518681074E+01
  4.228785982478E+00    0.00000000000000E+00      59    4.80335456642049E-01    2.83285669254941E+01
  4.236045056320E+00    0.00000000000000E+00      59    4.80541550403779E-01    2.83715615167866E+01
  4.243304130163E+00    0.00000000000000E+00      59    4.84467495881291E-01    2.84145416114124E+01
  4.250563204005E+00    0.00000000000000E+00      59    4.78506633035448E-01    2.84575009015205E+01
  4.257822277847E+00    0.00000000000000E+00      58    4.95309830134162E-01    2.85004437977878E+01
  4.265081351690E+00    0.00000000000000E+00      58    4.88643509650110E-01    2.85433681869792E+01
  4.272340425532E+00    0.00000000000000E+00      60    4.80143895852108E-01    2.85862767818390E+01
  4.279599499374E+00    0.00000000000000E+00      59    4.84475952186082E-01    2.86291642611732E+01
  4.286858573217E+00    0.00000000000000E+00      59    4.85731787658304E-01    2.86720369139247E+01
  4.294117647059E+00    0.00000000000000E+00      60    4.82242402276397E-01    2.87148898162373E+01
  4.301376720901E+00    0.00000000000000E+00      59    4.88139486794934E-01    2.87577233429169E+01
  4.308635794743E+00    0.00000000000000E+00      59    4.85233253009417E-01    2.88005426198861E+01
  4.315894868586E+00    0.00000000000000E+00      60    4.79941799837056E-01    2.88433418988784E+01
  4.323153942428E+00    0.00000000000000E+00      60    4.78467583702085E-01    2.88861224552474E+01
  4.330413016270E+00    0.00000000000000E+00      61    4.76979713897286E-01    2.89288869129758E+01
  4.337672090113E+00    0.00000000000000E+00      61    4.75732115929391E-01    2.89716304397979E+01
  4.344931163955E+00    0.00000000000000E+00      61    4.73666525903990E-01    2.90143592959513E+01
  4.352190237797E+00    0.00000000000000E+00      61    4.80279492174434E-01    2.90570692558578E+01
  4.359449311640E+00    0.00000000000000E+00      61    4.79930907812163E-01    2.90997637820028E+01
  4.366708385482E+00    0.00000000000000E+00      61    4.77788341398782E-01    2.91424398162563E+01
  4.373967459324E+00    0.00000000000000E+00      61    4.79305055104462E-01    2.91850959834069E+01
  4.381226533166E+00    0.00000000000000E+00      61    4.82215138912628E-01    2.92277372437933E+01
  4.388485607009E+00    0.00000000000000E+00      61    4.78554964932445E-01    2.92703601026646E+01
  4.395744680851E+00    0.00000000000000E+00      62    4.75907011456627E-01    2.93129629612051E+01
  4.403003754693E+00    0.00000000000000E+00      61    4.77905685872590E-01    2.93555510211646E+01
  4.410262828536E+00    0.00000000000000E+00      61    4.80197241513769E-01    2.93981200402621E+01
  4.417521902378E+00    0.00000000000000E+00      62    4.71315532642674E-01    2.94406717593082E+01
  4.424780976220E+00    0.00000000000000E+00      62    4.75731136890605E-01    2.94832078945088E+01
  4.432040050063E+00    0.00000000000000E+00      62    4.73516259848280E-01    2.95257239191486E+01
  4.439299123905E+00    0.00000000000000E+00      62    4.77580056815344E-01    2.95682245895971E+01
  4.446558197747E+00    0.00000000000000E+00      64    4.66012693309858E-01    2.96107067863444E+01
  4.453817271589E+00    0.00000000000000E+00      62    4.80591841789275E-01    2.96531692618990E+01
  4.461076345432E+00    0.00000000000000E+00      63    4.72588022786869E-01    2.96956169171854E+01
  4.468335419274E+00    0.00000000000000E+00      63    4.71203193623809E-01    2.97380458079023E+01
  4.475594493116E+00    0.00000000000000E+00      62    4.81311022875511E-01    2.97804600822674E+01
  4.482853566959E+00    0.00000000000000E+00      63    4.73415826502884E-01    2.98228547949824E+01
  4.490112640801E+00    0.00000000000000E+00      64    4.68747122721177E-01    2.98652311931023E+01
  4.497371714643E+00    0.00000000000000E+00      63    4.74844860299366E-01    2.99075938171437E+01
  4.504630788486E+00    0.00000000000000E+00      64    4.70776069616683E-01    2.99499341170325E+01
  4.511889862328E+00    0.00000000000000E+00      64    4.72007649325216E-01    2.99922631096815E+01
  4.519148936170E+00    0.00000000000000E+00      64    4.68215695891045E-01    3.00345690433191E+01
  4.526408010013E+00    0.00000000000000E+00      63    4.75091420128688E-01    3.00768611171793E+01
  4.533667083855E+00    0.00000000000000E+00      63    4.74900451813073E-01    3.01191360432296E+01
  4.540926157697E+00    0.00000000000000E+00      64    4.68473905489707E-01    3.01613910624507E+01
  4.548185231539E+00    0.00000000000000E+00      63    4.77893810942067E-01    3.02036318773877E+01
  4.555444305382E+00    0.00000000000000E+00      64    4.72768393190149E-01    3.02458537728638E+01
  4.562703379224E+00    0.00000000000000E+00      64    4.74211534869281E-01    3.02880584472878E+01
  4.569962453066E+00    0.00000000000000E+00      64    4.70890449051233E-01    3.03302492107911E+01
  4.577221526909E+00    0.00000000000000E+00      65    4.66694860980072E-01    3.03724181166214E+01
  4.584480600751E+00    0.00000000000000E+00      63    4.81048364565755E-01    3.04145719334985E+01
  4.591739674593E+00    0.00000000000000E+00      65    4.69122873611506E-01    3.04567098450379E+01
  4.598998748436E+00    0.00000000000000E+00      64    4.79970820102560E-01    3.04988284767289E+01
  4.606257822278E+00    0.00000000000000E+00      65    4.72760686153779E-01    3.05409323843132E+01
  4.613516896120E+00    0.00000000000000E+00      65    4.73610676223966E-01    3.05830168716417E+01
  4.620775969962E+00    0.00000000000000E+00      66    4.63604482390517E-01    3.06250848591263E+01
  4.628035043805E+00    0.00000000000000E+00      66    4.67705026590017E-01    3.06671387473652E+01
  4.635294117647E+00    0.00000000000000E+00      65    4.73994831326025E-01    3.07091737964516E+01
  4.642553191489E+00    0.00000000000000E+00      65    4.70380204467292E-01    3.07511894882994E+01
  4.649812265332E+00    0.00000000000000E+00      65    4.70417189196171E-01    3.07931907332344E+01
  4.657071339174E+00    0.00000000000000E+00      65    4.74293730431848E-01    3.08351738304576E+01
  4.664330413016E+00    0.00000000000000E+00      66    4.68614996057849E-01    3.08771415521665E+01
  4.671589486859E+00    0.00000000000000E+00      66    4.68082321714856E-01    3.09190884859416E+01
  4.678848560701E+00    0.00000000000000E+00      66    4.70053474796309E-01    3.09610256536457E+01
  4.686107634543E+00    0.00000000000000E+00      66    4.67099684132868E-01    3.10029388356191E+01
  4.693366708385E+00    0.00000000000000E+00      66    4.69288802324941E-01    3.10448379184478E+01
  4.700625782228E+00    0.00000000000000E+00      66    4.73396600569841E-01    3.10867232490315E+01
  4.707884856070E+00    0.00000000000000E+00      66    4.73026421299242E-01    3.11285876281041E+01
  4.715143929912E+00    0.00000000000000E+00      66    4.73223639160391E-01    3.11704372805479E+01
  4.722403003755E+00    0.00000000000000E+00      66    4.70522165125926E-01    3.12122704500454E+01
  4.729662077597E+00    0.00000000000000E+00      68    4.61249219994156E-01    3.12540837252833E+01
  4.736921151439E+00    0.00000000000000E+00      67    4.70602340576518E-01    3.12958836629087E+01
  4.744180225282E+00    0.00000000000000E+00      67    4.68177013777811E-01    3.13376685166082E+01
  4.751439299124E+00    0.00000000000000E+00      68    4.64597445032562E-01    3.13794303135764E+01
  4.758698372966E+00    0.00000000000000E+00      68    4.60597768882146E-01    3.14211822974103E+01
  4.765957446809E+00    0.00000000000000E+00      68    4.64107105452894E-01    3.14629127324388E+01
  4.773216520651E+00    0.00000000000000E+00      68    4.65847745105109E-01    3.15046291761886E+01
  4.780475594493E+00    0.00000000000000E+00      68    4.62702687097860E-01    3.15463273548937E+01
  4.787734668335E+00    0.00000000000000E+00      68    4.61517498182878E-01    3.15880107173210E+01
  4.794993742178E+00    0.00000000000000E+00      68    4.66723028855137E-01    3.16296758767060E+01
  4.802252816020E+00    0.00000000000000E+00      69    4.59229129629590E-01    3.16713250652382E+01
  4.809511889862E+00    0.00000000000000E+00      69    4.59277576223922E-01    3.17129581305990E+01
  4.816770963705E+00    0.00000000000000E+00      68    4.64103245607008E-01    3.17545741876656E+01
  4.824030037547E+00    0.00000000000000E+00      71    4.50654972602145E-01    3.17961708582055E+01
  4.831289111389E+00    0.00000000000000E+00      69    4.64479140335110E-01    3.18377578237850E+01
  4.838548185232E+00    0.00000000000000E+00      69    4.61975577234589E-01    3.18793220062110E+01
  4.845807259074E+00    0.00000000000000E+00      69    4.64727189697898E-01    3.19208735591255E+01
  4.853066332916E+00    0.00000000000000E+00      68    4.68507506601469E-01    3.19624064017333E+01
  4.860325406758E+00    0.00000000000000E+00      68    4.67305682180665E-01    3.20039260243235E+01
  4.867584480601E+00    0.00000000000000E+00      71    4.50024929522632E-01    3.20454260667202E+01
  4.874843554443E+00    0.00000000000000E+00      71    4.49657151836271E-01    3.20869087679802E+01
  4.882102628285E+00    0.00000000000000E+00      70    4.58041908575146E-01    3.21283792349886E+01
  4.889361702128E+00    0.00000000000000E+00      69    4.64314739612248E-01    3.21698300684428E+01
  4.896620775970E+00    0.00000000000000E+00      69    4.64647676904606E-01    3.22112639993227E+01
  4.903879849812E+00    0.00000000000000E+00      70    4.59053799442628E-01    3.22526861166654E+01
  4.911138923655E+00    0.00000000000000E+00      70    4.60226716125587E-01    3.22940855781940E+01
  4.918397997497E+00    0.00000000000000E+00      70    4.65171670066397E-01    3.23354723116230E+01
  4.925657071339E+00    0.00000000000000E+00      71    4.53634494221641E-01    3.23768438992058E+01
  4.932916145181E+00    0.00000000000000E+00      71    4.56104847301500E-01    3.24181969024114E+01
  4.940175219024E+00    0.00000000000000E+00      71    4.56264310920430E-01    3.24595340218298E+01
  4.947434292866E+00    0.00000000000000E+00      70    4.61424339716411E-01    3.25008572838737E+01
  4.954693366708E+00    0.00000000000000E+00      71    4.61084993233664E-01    3.25421614607209E+01
  4.961952440551E+00    0.00000000000000E+00      72    4.54433788050464E-01    3.25834518735021E+01
  4.969211514393E+00    0.00000000000000E+00      72    4.55936263121599E-01    3.26247259105801E+01
  4.976470588235E+00    0.00000000000000E+00      70    4.64260912941177E-01    3.26659814985495E+01
  4.983729662078E+00    0.00000000000000E+00      71    4.58883000622602E-01    3.27072238107090E+01
  4.990988735920E+00    0.00000000000000E+00      73    4.46927676558168E-01    3.27484450993523E+01
  4.998247809762E+00    0.00000000000000E+00      72    4.56645219051774E-01    3.27896561343346E+01
  5.005506883605E+00    0.00000000000000E+00      72    4.57397352243083E-01    3.28308455862010E+01
  5.012765957447E+00    0.00000000000000E+00      71    4.60235051536805E-01    3.28720249295293E+01
  5.020025031289E+00    0.00000000000000E+00      73    4.52946008427908E-01    3.29131835697776E+01
  5.027284105131E+00    0.00000000000000E+00      73    4.51858501127511E-01    3.29543284057900E+01
  5.034543178974E+00    0.00000000000000E+00      73    4.51824852613123E-01    3.29954541767310E+01
  5.041802252816E+00    0.00000000000000E+00      72    4.58315724645216E-01    3.30365672561854E+01
  5.049061326658E+00    0.00000000000000E+00      72    4.60024335571532E-01    3.30776658869483E+01
  5.056320400501E+00    0.00000000000000E+00      73    4.55261926853245E-01    3.31187449062380E+01
  5.063579474343E+00    0.00000000000000E+00      73    4.52540514322564E-01    3.31598093384110E+01
  5.070838548185E+00    0.00000000000000E+00      73    4.55261247101066E-01    3.32008561790274E+01
  5.078097622028E+00    0.00000000000000E+00      73    4.53577064840030E-01    3.32418873382026E+01
  5.085356695870E+00    0.00000000000000E+00      74    4.51902267814860E-01    3.32829055116212E+01
  5.092615769712E+00    0.00000000000000E+00      73    4.53460204454144E-01    3.33239056464500E+01
  5.099874843554E+00    0.00000000000000E+00      73    4.56316875098110E-01    3.33648894603994E+01
  5.107133917397E+00    0.00000000000000E+00      74    4.52125743374152E-01    3.34058599370941E+01
  5.114392991239E+00    0.00000000000000E+00      74    4.54863033455916E-01    3.34468113746974E+01
  5.121652065081E+00    0.00000000000000E+00      74    4.49605835913536E-01    3.34877494508166E+01
  5.128911138924E+00    0.00000000000000E+00      74    4.50586602613653E-01    3.35286718467323E+01
  5.136170212766E+00    0.00000000000000E+00      75    4.48551495547848E-01    3.35695751905062E+01
  5.143429286608E+00    0.00000000000000E+00      74    4.54446401006343E-01    3.36104657755948E+01
  5.150688360451E+00    0.00000000000000E+00      74    4.54444259032279E-01    3.36513415515517E+01
  5.157947434293E+00    0.00000000000000E+00      76    4.45384273917032E-01    3.36921968996521E+01
  5.165206508135E+00    0.00000000000000E+00      75    4.47699735068276E-01    3.37330413727061E+01
  5.172465581977E+00    0.00000000000000E+00      76    4.42594219811786E-01    3.37738685342343E+01
  5.179724655820E+00    0.00000000000000E+00      75    4.51161126482654E-01    3.38146787796284E+01
  5.186983729662E+00    0.00000000000000E+00      75    4.49732942886660E-01    3.38554765817837E+01
  5.194242803504E+00    0.00000000000000E+00      76    4.46636129799661E-01    3.38962527836833E+01
  5.201501877347E+00    0.00000000000000E+00      76    4.48873873973694E-01    3.39370152387102E+01
  5.208760951189E+00    0.00000000000000E+00      75    4.52788892493115E-01    3.39777653684487E+01
  5.216020025031E+00    0.00000000000000E+00      77    4.43827283072835E-01    3.40185009608184E+01
  5.223279098874E+00    0.00000000000000E+00      76    4.48506810715089E-01    3.40592162954065E+01
  5.230538172716E+00    0.00000000000000E+00      76    4.46563760013893E-01    3.40999182206915E+01
  5.237797246558E+00    0.00000000000000E+00      76    4.52169348409080E-01    3.41406050510518E+01
  5.245056320401E+00    0.00000000000000E+00      76    4.47804228069834E-01    3.41812756056980E+01
  5.252315394243E+00    0.00000000000000E+00      78    4.39758186287588E-01    3.42219291743088E+01
  5.259574468085E+00    0.00000000000000E+00      77    4.47180726050311E-01    3.42625676582898E+01
  5.266833541927E+00    0.00000000000000E+00      75    4.54550907500901E-01    3.43031945620739E+01
  5.274092615770E+00    0.00000000000000E+00      78    4.40379337603468E-01    3.43437988521611E+01
  5.281351689612E+00    0.00000000000000E+00      77    4.49229517962346E-01    3.43843952020218E+01
  5.288610763454E+00    0.00000000000000E+00      77    4.48861573319581E-01    3.44249715977543E+01
  5.295869837297E+00    0.00000000000000E+00      78    4.43618842521298E-01    3.44655336938856E+01
  5.303128911139E+00    0.00000000000000E+00      77    4.49221786109287E-01    3.45060774523376E+01
  5.310387984981E+00    0.00000000000000E+00      80    4.34068963221987E-01    3.45466091066526E+01
  5.317647058824E+00    0.00000000000000E+00      78    4.44785669743059E-01    3.45871268335608E+01
  5.324906132666E+00    0.00000000000000E+00      78    4.46037559765384E-01    3.46276264165237E+01
  5.332165206508E+00    0.00000000000000E+00      78    4.42132658603244E-01    3.46681097921032E+01
  5.339424280350E+00    0.00000000000000E+00      79    4.38751794357483E-01    3.47085803930613E+01
  5.346683354193E+00    0.00000000000000E+00      78    4.45706585419911E-01    3.47490345275527E+01
  5.353942428035E+00    0.00000000000000E+00      79    4.43116470375754E-01    3.47894730155008E+01
  5.361201501877E+00    0.00000000000000E+00      78    4.47371486251240E-01    3.48298947806034E+01
  5.368460575720E+00    0.00000000000000E+00      79    4.40555129901360E-01    3.48703058440332E+01
  5.375719649562E+00    0.00000000000000E+00      80    4.38240499820387E-01    3.49106988105065E+01
  5.382978723404E+00    0.00000000000000E+00      78    4.47038017159708E-01    3.49510756901818E+01
  5.390237797247E+00    0.00000000000000E+00      79    4.42071027525090E-01    3.49914404177154E+01
  5.397496871089E+00    0.00000000000000E+00      80    4.36381426048487E-01    3.50317859844213E+01
  5.404755944931E+00    0.00000000000000E+00      80    4.40105353056577E-01    3.50721188346122E+01
  5.412015018773E+00    0.00000000000000E+00      81    4.32814984153071E-01    3.51124338647352E+01
  5.419274092616E+00    0.00000000000000E+00      81    4.32751385048409E-01    3.51527359150508E+01
  5.426533166458E+00    0.00000000000000E+00      80    4.42363362177137E-01    3.51930208721236E+01
  5.433792240300E+00    0.00000000000000E+00      79    4.45454454573215E-01    3.52332950722113E+01
  5.441051314143E+00    0.00000000000000E+00      80    4.39843916200316E-01    3.52735501560188E+01
  5.448310387985E+00    0.00000000000000E+00      80    4.39953963477228E-01    3.53137909006391E+01
  5.455569461827E+00    0.00000000000000E+00      79    4.45298062649049E-01    3.53540176348988E+01
  5.462828535670E+00    0.00000000000000E+00      82    4.33940831699146E-01    3.53942267359352E+01
  5.470087609512E+00    0.00000000000000E+00      81    4.36754052299275E-01    3.54344235026839E+01
  5.477346683354E+00    0.00000000000000E+00      81    4.39345708123803E-01    3.54746012288999E+01
  5.484605757196E+00    0.00000000000000E+00      82    4.33983762137016E-01    3.55147662729293E+01
  5.491864831039E+00    0.00000000000000E+00      82    4.35609886236611E-01    3.55549159691219E+01
  5.499123904881E+00    0.00000000000000E+00      81    4.38163779208083E-01    3.55950531682864E+01
  5.506382978723E+00    0.00000000000000E+00      81    4.37881514387478E-01    3.56351718773970E+01
  5.513642052566E+00    0.00000000000000E+00      83    4.27601960569570E-01    3.56752789385722E+01
  5.520901126408E+00    0.00000000000000E+00      81    4.40171273781739E-01    3.57153683085046E+01
  5.528160200250E+00    0.00000000000000E+00      81    4.43267222538342E-01    3.57554426946919E+01
  5.535419274093E+00    0.00000000000000E+00      83    4.29167761966863E-01    3.57955024045482E+01
  5.542678347935E+00    0.00000000000000E+00      82    4.38809088557834E-01    3.58355490410040E+01
  5.549937421777E+00    0.00000000000000E+00      82    4.37477073299011E-01    3.58755788442489E+01
  5.557196495620E+00    0.00000000000000E+00      84    4.28043044847232E-01    3.59155936269835E+01
  5.564455569462E+00    0.00000000000000E+00      83    4.35298534924420E-01    3.59555949724835E+01
  5.571714643304E+00    0.00000000000000E+00      83    4.35584328660826E-01    3.59955787907092E+01
  5.578973717146E+00    0.00000000000000E+00      83    4.32306335982923E-01    3.60355500849184E+01
  5.586232790989E+00    0.00000000000000E+00      83    4.36721043478186E-01    3.60755050648340E+01
  5.593491864831E+00    0.00000000000000E+00      82    4.40015842566767E-01    3.61154481880765E+01
  5.600750938673E+00    0.00000000000000E+00      83    4.33753692297514E-01    3.61553739707425E+01
  5.608010012516E+00    0.00000000000000E+00      82    4.39315245531414E-01    3.61952865521181E+01
  5.615269086358E+00    0.00000000000000E+00      85    4.25876247618849E-01    3.62351831551023E+01
  5.622528160200E+00    0.00000000000000E+00      84    4.30386157907907E-01    3.62750625683051E+01
  5.629787234043E+00    0.00000000000000E+00      83    4.37167205649723E-01    3.63149294150053E+01
  5.637046307885E+00    0.00000000000000E+00      84    4.33027232098409E-01    3.63547848936056E+01
  5.644305381727E+00    0.00000000000000E+00      85    4.27158908398717E-01    3.63946214611384E+01
  5.651564455569E+00    0.00000000000000E+00      84    4.31988047743153E-01    3.64344435061495E+01
  5.658823529412E+00    0.00000000000000E+00      86    4.24918248509975E-01    3.64742529444782E+01
  5.666082603254E+00    0.00000000000000E+00      85    4.27281094963248E-01    3.65140439469242E+01
  5.673341677096E+00    0.00000000000000E+00      84    4.34124622621497E-01    3.65538227828449E+01
  5.680600750939E+00    0.00000000000000E+00      84    4.34438488522802E-01    3.65935865689726E+01
  5.687859824781E+00    0.00000000000000E+00      84    4.37874514377299E-01    3.66333377923476E+01
  5.695118898623E+00    0.00000000000000E+00      84    4.38084996797694E-01    3.66730718111307E+01
  5.702377972466E+00    0.00000000000000E+00      84    4.35975024835772E-01    3.67127917804829E+01
  5.709637046308E+00    0.00000000000000E+00      86    4.29298130342104E-01    3.67524964837928E+01
  5.716896120150E+00    0.00000000000000E+00      87    4.25149640471776E-01    3.67921859971358E+01
  5.724155193992E+00    0.00000000000000E+00      85    4.35545444334222E-01    3.68318625053647E+01
  5.731414267835E+00    0.00000000000000E+00      85    4.36225920768039E-01    3.68715238732550E+01
  5.738673341677E+00    0.00000000000000E+00      88    4.21626722322394E-01    3.69111730575894E+01
  5.745932415519E+00    0.00000000000000E+00      87    4.26016806332806E-01    3.69508040643857E+01
  5.753191489362E+00    0.00000000000000E+00      85    4.33415752874141E-01    3.69904169507524E+01
  5.760450563204E+00    0.00000000000000E+00      86    4.28880251780330E-01    3.70300244307991E+01
  5.767709637046E+00    0.00000000000000E+00      86    4.30409788530141E-01    3.70696125116385E+01
  5.774968710889E+00    0.00000000000000E+00      86    4.31326530348635E-01    3.71091860903525E+01
  5.782227784731E+00    0.00000000000000E+00      86    4.30099971300113E-01    3.71487486251675E+01
  5.789486858573E+00    0.00000000000000E+00      86    4.31396970247034E-01    3.71882923980235E+01
  5.796745932416E+00    0.00000000000000E+00      87    4.29082592255574E-01    3.72278228685046E+01
  5.804005006258E+00    0.00000000000000E+00      89    4.19587864518893E-01    3.72673391690195E+01
  5.811264080100E+00    0.00000000000000E+00      88    4.24044232102225E-01    3.73068391720624E+01
  5.818523153942E+00    0.00000000000000E+00      87    4.27488169175451E-01    3.73463270120718E+01
  5.825782227785E+00    0.00000000000000E+00      87    4.27812836591741E-01    3.73857996422174E+01
  5.833041301627E+00    0.00000000000000E+00      88    4.25098205729034E-01    3.74252594627568E+01
  5.840300375469E+00    0.00000000000000E+00      88    4.25597046973972E-01    3.74647023844667E+01
  5.847559449312E+00    0.00000000000000E+00      86    4.36939164103810E-01    3.75041332367774E+01
  5.854818523154E+00    0.00000000000000E+00      88    4.26769404978861E-01    3.75435458938338E+01
  5.862077596996E+00    0.00000000000000E+00      87    4.34295682318502E-01    3.75829476822968E+01
  5.869336670839E+00    0.00000000000000E+00      87    4.32459122488336E-01    3.76223366545837E+01
  5.876595744681E+00    0.00000000000000E+00      90    4.19519767320591E-01    3.76617069070608E+01
  5.883854818523E+00    0.00000000000000E+00      88    4.30566335901918E-01    3.77010654535837E+01
  5.891113892365E+00    0.00000000000000E+00      89    4.24938609436821E-01    3.77404085072486E+01
  5.898372966208E+00    0.00000000000000E+00      88    4.29753571089583E-01    3.77797412566863E+01
  5.905632040050E+00    0.00000000000000E+00      89    4.24121042178273E-01    3.78190551542586E+01
  5.912891113892E+00    0.00000000000000E+00      90    4.21259555237421E-01    3.78583553209663E+01
  5.920150187735E+00    0.00000000000000E+00      90    4.22940777081521E-01    3.78976442100426E+01
  5.927409261577E+00    0.00000000000000E+00      89    4.28475496836311E-01    3.79369156226347E+01
  5.934668335419E+00    0.00000000000000E+00      90    4.20120905776409E-01    3.79761715374160E+01
  5.941927409262E+00    0.00000000000000E+00      90    4.21680154296988E-01    3.80154167634690E+01
  5.949186483104E+00    0.00000000000000E+00      89    4.25655809078530E-01    3.80546493384429E+01
  5.956445556946E+00    0.00000000000000E+00      90    4.24252978048637E-01    3.80938634240594E+01
  5.963704630788E+00    0.00000000000000E+00      91    4.18613372698924E-01    3.81330642402588E+01
  5.970963704631E+00    0.00000000000000E+00      90    4.22339887840570E-01    3.81722530626086E+01
  5.978222778473E+00    0.00000000000000E+00      89    4.29784567960459E-01    3.82114240039318E+01
  5.985481852315E+00    0.00000000000000E+00      91    4.19340933415583E-01    3.82505843555649E+01
  5.992740926158E+00    0.00000000000000E+00      90    4.23906310810404E-01    3.82897321446587E+01
  6.000000000000E+00    0.00000000000000E+00      90    4.26817118644068E-01    3.83288604406780E+01
