# T_nr[keV]   Tasa_Kop   Tasa_Mue   Tasa_Comb
    0.2000   1.551304E+02   1.630162E+02   1.630212E+02
    0.2196   1.400823E+02   1.476627E+02   1.476627E+02
    0.2393   1.270139E+02   1.342626E+02   1.342626E+02
    0.2589   1.155820E+02   1.224752E+02   1.224752E+02
    0.2786   1.055131E+02   1.120383E+02   1.120383E+02
    0.2982   9.659045E+01   1.027461E+02   1.027461E+02
    0.3178   8.864103E+01   9.443351E+01   9.443351E+01
    0.3375   8.152198E+01   8.696611E+01   8.696611E+01
    0.3571   7.511707E+01   8.023402E+01   8.023402E+01
    0.3768   6.933414E+01   7.414463E+01   7.414463E+01
    0.3964   6.409659E+01   6.862075E+01   6.862075E+01
    0.4160   5.933899E+01   6.359727E+01   6.359727E+01
    0.4357   5.500592E+01   5.901775E+01   5.901775E+01
    0.4553   5.105149E+01   5.483408E+01   5.483408E+01
    0.4749   4.743555E+01   5.100467E+01   5.100467E+01
    0.4946   4.412250E+01   4.749300E+01   4.749300E+01
    0.5142   4.108184E+01   4.426729E+01   4.426729E+01
    0.5339   3.828711E+01   4.129954E+01   4.129954E+01
    0.5535   3.571517E+01   3.856555E+01   3.856555E+01
    0.5731   3.334437E+01   3.604296E+01   3.604296E+01
    0.5928   3.115627E+01   3.371265E+01   3.371265E+01
    0.6124   2.913461E+01   3.155744E+01   3.155744E+01
    0.6321   2.726459E+01   2.956178E+01   2.956178E+01
    0.6517   2.553264E+01   2.771168E+01   2.771168E+01
    0.6713   2.392689E+01   2.599502E+01   2.599502E+01
    0.6910   2.243665E+01   2.440031E+01   2.440031E+01
    0.7106   2.105289E+01   2.291761E+01   2.291761E+01
    0.7303   1.976724E+01   2.153785E+01   2.153785E+01
    0.7499   1.857195E+01   2.025273E+01   2.025273E+01
    0.7695   1.745982E+01   1.905470E+01   1.905470E+01
    0.7892   1.642418E+01   1.793687E+01   1.793687E+01
    0.8088   1.545917E+01   1.689330E+01   1.689330E+01
    0.8285   1.455887E+01   1.591804E+01   1.591804E+01
    0.8481   1.371822E+01   1.500616E+01   1.500616E+01
    0.8677   1.293230E+01   1.415289E+01   1.415289E+01
    0.8874   1.219688E+01   1.335387E+01   1.335387E+01
    0.9070   1.150846E+01   1.260517E+01   1.260517E+01
    0.9267   1.086379E+01   1.190317E+01   1.190317E+01
    0.9463   1.025989E+01   1.124459E+01   1.124459E+01
    0.9659   9.693901E+00   1.062637E+01   1.062637E+01
    0.9856   9.163063E+00   1.004561E+01   1.004561E+01
    1.0052   8.665000E+00   9.499867E+00   9.499867E+00
    1.0248   8.197206E+00   8.986591E+00   8.986591E+00
    1.0445   7.757635E+00   8.503771E+00   8.503771E+00
    1.0641   7.344065E+00   8.049234E+00   8.049234E+00
    1.0838   6.954552E+00   7.621133E+00   7.621133E+00
    1.1034   6.587288E+00   7.217747E+00   7.217747E+00
    1.1230   6.240847E+00   6.837477E+00   6.837477E+00
    1.1427   5.914007E+00   6.478836E+00   6.478836E+00
    1.1623   5.605608E+00   6.140440E+00   6.140440E+00
    1.1820   5.314548E+00   5.821002E+00   5.821002E+00
    1.2016   5.039775E+00   5.519324E+00   5.519324E+00
    1.2212   4.780292E+00   5.234293E+00   5.234293E+00
    1.2409   4.535233E+00   4.964964E+00   4.964964E+00
    1.2605   4.303614E+00   4.710283E+00   4.710283E+00
    1.2802   4.084633E+00   4.469414E+00   4.469414E+00
    1.2998   3.877457E+00   4.241505E+00   4.241505E+00
    1.3194   3.681342E+00   4.025812E+00   4.025812E+00
    1.3391   3.495509E+00   3.821569E+00   3.821569E+00
    1.3587   3.319322E+00   3.628159E+00   3.628159E+00
    1.3784   3.152215E+00   3.444926E+00   3.444926E+00
    1.3980   2.993719E+00   3.271276E+00   3.271276E+00
    1.4176   2.843395E+00   3.106665E+00   3.106665E+00
    1.4373   2.700825E+00   2.950586E+00   2.950586E+00
    1.4569   2.565603E+00   2.802557E+00   2.802557E+00
    1.4766   2.437341E+00   2.662132E+00   2.662132E+00
    1.4962   2.315666E+00   2.528886E+00   2.528886E+00
    1.5158   2.200219E+00   2.402423E+00   2.402423E+00
    1.5355   2.090654E+00   2.282371E+00   2.282371E+00
    1.5551   1.986642E+00   2.168377E+00   2.168377E+00
    1.5747   1.887863E+00   2.060113E+00   2.060113E+00
    1.5944   1.794018E+00   1.957278E+00   1.957278E+00
    1.6140   1.704829E+00   1.859595E+00   1.859595E+00
    1.6337   1.619992E+00   1.766767E+00   1.766767E+00
    1.6533   1.539279E+00   1.678549E+00   1.678549E+00
    1.6729   1.462509E+00   1.594710E+00   1.594710E+00
    1.6926   1.389480E+00   1.514997E+00   1.514997E+00
    1.7122   1.320048E+00   1.439233E+00   1.439233E+00
    1.7319   1.254013E+00   1.367179E+00   1.367179E+00
    1.7515   1.191239E+00   1.298674E+00   1.298674E+00
    1.7711   1.131553E+00   1.233520E+00   1.233520E+00
    1.7908   1.074803E+00   1.171547E+00   1.171547E+00
    1.8104   1.020861E+00   1.112614E+00   1.112614E+00
    1.8301   9.695690E-01   1.056550E+00   1.056550E+00
    1.8497   9.207921E-01   1.003214E+00   1.003214E+00
    1.8693   8.744067E-01   9.524784E-01   9.524784E-01
    1.8890   8.302861E-01   9.042159E-01   9.042159E-01
    1.9086   7.883014E-01   8.582986E-01   8.582986E-01
    1.9283   7.483350E-01   8.146126E-01   8.146126E-01
    1.9479   7.102744E-01   7.730499E-01   7.730499E-01
    1.9675   6.740291E-01   7.335077E-01   7.335077E-01
    1.9872   6.395221E-01   6.958886E-01   6.958886E-01
    2.0068   6.066792E-01   6.600999E-01   6.600999E-01
    2.0265   5.754279E-01   6.260534E-01   6.260534E-01
    2.0461   5.456982E-01   5.936656E-01   5.936656E-01
    2.0657   5.174218E-01   5.628569E-01   5.628569E-01
    2.0854   4.905327E-01   5.335516E-01   5.335516E-01
    2.1050   4.649667E-01   5.056779E-01   5.056779E-01
    2.1246   4.406615E-01   4.791674E-01   4.791674E-01
    2.1443   4.175617E-01   4.539607E-01   4.539607E-01
    2.1639   3.956055E-01   4.299925E-01   4.299925E-01
    2.1836   3.747341E-01   4.072021E-01   4.072021E-01
    2.2032   3.548920E-01   3.855334E-01   3.855334E-01
    2.2228   3.360320E-01   3.649401E-01   3.649401E-01
    2.2425   3.180976E-01   3.453669E-01   3.453669E-01
    2.2621   3.010357E-01   3.267629E-01   3.267629E-01
    2.2818   2.848050E-01   3.090902E-01   3.090902E-01
    2.3014   2.693609E-01   2.922990E-01   2.922990E-01
    2.3210   2.546721E-01   2.763484E-01   2.763484E-01
    2.3407   2.407120E-01   2.612030E-01   2.612030E-01
    2.3603   2.274442E-01   2.468180E-01   2.468180E-01
    2.3800   2.148476E-01   2.331662E-01   2.331662E-01
    2.3996   2.028858E-01   2.202043E-01   2.202043E-01
    2.4192   1.915386E-01   2.079077E-01   2.079077E-01
    2.4389   1.807732E-01   1.962384E-01   1.962384E-01
    2.4585   1.705671E-01   1.851707E-01   1.851707E-01
    2.4782   1.608939E-01   1.746752E-01   1.746752E-01
    2.4978   1.517262E-01   1.647217E-01   1.647217E-01
    2.5174   1.430459E-01   1.552911E-01   1.552911E-01
    2.5371   1.348238E-01   1.463525E-01   1.463525E-01
    2.5567   1.270375E-01   1.378828E-01   1.378828E-01
    2.5764   1.196686E-01   1.298638E-01   1.298638E-01
    2.5960   1.126918E-01   1.222701E-01   1.222701E-01
    2.6156   1.060857E-01   1.150812E-01   1.150812E-01
    2.6353   9.982987E-02   1.082776E-01   1.082776E-01
    2.6549   9.390808E-02   1.018436E-01   1.018436E-01
    2.6745   8.830325E-02   9.575812E-02   9.575812E-02
    2.6942   8.300207E-02   9.000441E-02   9.000441E-02
    2.7138   7.799149E-02   8.456622E-02   8.456622E-02
    2.7335   7.325878E-02   7.942804E-02   7.942804E-02
    2.7531   6.879144E-02   7.457506E-02   7.457506E-02
    2.7727   6.457790E-02   6.999375E-02   6.999375E-02
    2.7924   6.060566E-02   6.566995E-02   6.566995E-02
    2.8120   5.686276E-02   6.159042E-02   6.159042E-02
    2.8317   5.333780E-02   5.774280E-02   5.774280E-02
    2.8513   5.001962E-02   5.411527E-02   5.411527E-02
    2.8709   4.689730E-02   5.069656E-02   5.069656E-02
    2.8906   4.396018E-02   4.747588E-02   4.747588E-02
    2.9102   4.119779E-02   4.444295E-02   4.444295E-02
    2.9299   3.859994E-02   4.158795E-02   4.158795E-02
    2.9495   3.615662E-02   3.890150E-02   3.890150E-02
    2.9691   3.385807E-02   3.637466E-02   3.637466E-02
    2.9888   3.169488E-02   3.399909E-02   3.399909E-02
    3.0084   2.965793E-02   3.176691E-02   3.176691E-02
    3.0281   2.773771E-02   2.966998E-02   2.966998E-02
    3.0477   2.592679E-02   2.770091E-02   2.770091E-02
    3.0673   2.422025E-02   2.585266E-02   2.585266E-02
    3.0870   2.261354E-02   2.411854E-02   2.411854E-02
    3.1066   2.110222E-02   2.249218E-02   2.249218E-02
    3.1263   1.968234E-02   2.096801E-02   2.096801E-02
    3.1459   1.834951E-02   1.954013E-02   1.954013E-02
    3.1655   1.709923E-02   1.820269E-02   1.820269E-02
    3.1852   1.592737E-02   1.695048E-02   1.695048E-02
    3.2048   1.483017E-02   1.577882E-02   1.577882E-02
    3.2244   1.380404E-02   1.468339E-02   1.468339E-02
    3.2441   1.284453E-02   1.365907E-02   1.365907E-02
    3.2637   1.194786E-02   1.270165E-02   1.270165E-02
    3.2834   1.111102E-02   1.180784E-02   1.180784E-02
    3.3030   1.032982E-02   1.097325E-02   1.097325E-02
    3.3226   9.600593E-03   1.019414E-02   1.019414E-02
    3.3423   8.920504E-03   9.467805E-03   9.467805E-03
    3.3619   8.285600E-03   8.790435E-03   8.790435E-03
    3.3816   7.692548E-03   8.158983E-03   8.158983E-03
    3.4012   7.138552E-03   7.571102E-03   7.571102E-03
    3.4208   6.619799E-03   7.023390E-03   7.023390E-03
    3.4405   6.133611E-03   6.513815E-03   6.513815E-03
    3.4601   5.677028E-03   6.039625E-03   6.039625E-03
    3.4798   5.248665E-03   5.598625E-03   5.598625E-03
    3.4994   4.847368E-03   5.188743E-03   5.188743E-03
    3.5190   4.471756E-03   4.807748E-03   4.807748E-03
    3.5387   4.120886E-03   4.453991E-03   4.453991E-03
    3.5583   3.793325E-03   4.125378E-03   4.125378E-03
    3.5780   3.488198E-03   3.820496E-03   3.820496E-03
    3.5976   3.204148E-03   3.537505E-03   3.537505E-03
    3.6172   2.940254E-03   3.275091E-03   3.275091E-03
    3.6369   2.695330E-03   3.031742E-03   3.031742E-03
    3.6565   2.468326E-03   2.806153E-03   2.806153E-03
    3.6762   2.258289E-03   2.597172E-03   2.597172E-03
    3.6958   2.063995E-03   2.403449E-03   2.403449E-03
    3.7154   1.884753E-03   2.224201E-03   2.224201E-03
    3.7351   1.719280E-03   2.058129E-03   2.058129E-03
    3.7547   1.566743E-03   1.904416E-03   1.904416E-03
    3.7743   1.426207E-03   1.762193E-03   1.762193E-03
    3.7940   1.296625E-03   1.630524E-03   1.630524E-03
    3.8136   1.177216E-03   1.508770E-03   1.508770E-03
    3.8333   1.067005E-03   1.396142E-03   1.396142E-03
    3.8529   9.650663E-04   1.291930E-03   1.291930E-03
    3.8725   8.706171E-04   1.195598E-03   1.195598E-03
    3.8922   7.827769E-04   1.106526E-03   1.106526E-03
    3.9118   7.009920E-04   1.024136E-03   1.024136E-03
    3.9315   6.250429E-04   9.479539E-04   9.479539E-04
    3.9511   5.547423E-04   8.775581E-04   8.775581E-04
    3.9707   4.897992E-04   8.124500E-04   8.124500E-04
    3.9904   4.299939E-04   7.522335E-04   7.522335E-04
    4.0100   3.751276E-04   6.965566E-04   6.965566E-04
    4.0297   3.250075E-04   6.450939E-04   6.450939E-04
    4.0493   2.793775E-04   5.974876E-04   5.974876E-04
    4.0689   2.380309E-04   5.534451E-04   5.534451E-04
    4.0886   2.007636E-04   5.126951E-04   5.126951E-04
    4.1082   1.673940E-04   4.750010E-04   4.750010E-04
    4.1279   1.377197E-04   4.401263E-04   4.401263E-04
    4.1475   1.115254E-04   4.078405E-04   4.078405E-04
    4.1671   8.861915E-05   3.779456E-04   3.779456E-04
    4.1868   6.881180E-05   3.502585E-04   3.502585E-04
    4.2064   5.191702E-05   3.246103E-04   3.246103E-04
    4.2261   3.775121E-05   3.008450E-04   3.008450E-04
    4.2457   2.614835E-05   2.788287E-04   2.788287E-04
    4.2653   1.691337E-05   2.584172E-04   2.584172E-04
    4.2850   9.869462E-06   2.394873E-04   2.394873E-04
    4.3046   4.843924E-06   2.219267E-04   2.219267E-04
    4.3242   1.666598E-06   2.056316E-04   2.056316E-04
    4.3439   1.698549E-07   1.905065E-04   1.905065E-04
    4.3635   0.000000E+00   1.764635E-04   1.764635E-04
    4.3832   0.000000E+00   1.634214E-04   1.634214E-04
    4.4028   0.000000E+00   1.513058E-04   1.513058E-04
    4.4224   0.000000E+00   1.400479E-04   1.400479E-04
    4.4421   0.000000E+00   1.295843E-04   1.295843E-04
    4.4617   0.000000E+00   1.198570E-04   1.198570E-04
    4.4814   0.000000E+00   1.108121E-04   1.108121E-04
    4.5010   0.000000E+00   1.024004E-04   1.024004E-04
    4.5206   0.000000E+00   9.457615E-05   9.457615E-05
    4.5403   0.000000E+00   8.729752E-05   8.729752E-05
    4.5599   0.000000E+00   8.052578E-05   8.052578E-05
    4.5796   0.000000E+00   7.422528E-05   7.422528E-05
    4.5992   0.000000E+00   6.836311E-05   6.836311E-05
    4.6188   0.000000E+00   6.290889E-05   6.290889E-05
    4.6385   0.000000E+00   5.783457E-05   5.783457E-05
    4.6581   0.000000E+00   5.311423E-05   5.311423E-05
    4.6778   0.000000E+00   4.872394E-05   4.872394E-05
    4.6974   0.000000E+00   4.464151E-05   4.464151E-05
    4.7170   0.000000E+00   4.084643E-05   4.084643E-05
    4.7367   0.000000E+00   3.731971E-05   3.731971E-05
    4.7563   0.000000E+00   3.404430E-05   3.404430E-05
    4.7760   0.000000E+00   3.100442E-05   3.100442E-05
    4.7956   0.000000E+00   2.818367E-05   2.818367E-05
    4.8152   0.000000E+00   2.556796E-05   2.556796E-05
    4.8349   0.000000E+00   2.314419E-05   2.314419E-05
    4.8545   0.000000E+00   2.090018E-05   2.090018E-05
    4.8741   0.000000E+00   1.882457E-05   1.882457E-05
    4.8938   0.000000E+00   1.690720E-05   1.690720E-05
    4.9134   0.000000E+00   1.513904E-05   1.513904E-05
    4.9331   0.000000E+00   1.350953E-05   1.350953E-05
    4.9527   0.000000E+00   1.201009E-05   1.201009E-05
    4.9723   0.000000E+00   1.063270E-05   1.063270E-05
    4.9920   0.000000E+00   9.369860E-06   9.369860E-06
    5.0116   0.000000E+00   8.215976E-06   8.215976E-06
    5.0313   0.000000E+00   7.163027E-06   7.163027E-06
    5.0509   0.000000E+00   6.204780E-06   6.204780E-06
    5.0705   0.000000E+00   5.335482E-06   5.335482E-06
    5.0902   0.000000E+00   4.550419E-06   4.550419E-06
    5.1098   0.000000E+00   3.844426E-06   3.844426E-06
    5.1295   0.000000E+00   3.212055E-06   3.212055E-06
    5.1491   0.000000E+00   2.648856E-06   2.648856E-06
    5.1687   0.000000E+00   2.151355E-06   2.151355E-06
    5.1884   0.000000E+00   1.715317E-06   1.715317E-06
    5.2080   0.000000E+00   1.336546E-06   1.336546E-06
    5.2277   0.000000E+00   1.011630E-06   1.011630E-06
    5.2473   0.000000E+00   7.382515E-07   7.382515E-07
    5.2669   0.000000E+00   5.122624E-07   5.122624E-07
    5.2866   0.000000E+00   3.307942E-07   3.307942E-07
    5.3062   0.000000E+00   1.918700E-07   1.918700E-07
    5.3259   0.000000E+00   9.235163E-08   9.235163E-08
    5.3455   0.000000E+00   2.963811E-08   2.963811E-08
    5.3651   0.000000E+00   2.086783E-09   2.086783E-09
    5.3848   0.000000E+00   0.000000E+00   0.000000E+00
    5.4044   0.000000E+00   0.000000E+00   0.000000E+00
    5.4240   0.000000E+00   0.000000E+00   0.000000E+00
    5.4437   0.000000E+00   0.000000E+00   0.000000E+00
    5.4633   0.000000E+00   0.000000E+00   0.000000E+00
    5.4830   0.000000E+00   0.000000E+00   0.000000E+00
    5.5026   0.000000E+00   0.000000E+00   0.000000E+00
    5.5222   0.000000E+00   0.000000E+00   0.000000E+00
    5.5419   0.000000E+00   0.000000E+00   0.000000E+00
    5.5615   0.000000E+00   0.000000E+00   0.000000E+00
    5.5812   0.000000E+00   0.000000E+00   0.000000E+00
    5.6008   0.000000E+00   0.000000E+00   0.000000E+00
    5.6204   0.000000E+00   0.000000E+00   0.000000E+00
    5.6401   0.000000E+00   0.000000E+00   0.000000E+00
    5.6597   0.000000E+00   0.000000E+00   0.000000E+00
    5.6794   0.000000E+00   0.000000E+00   0.000000E+00
    5.6990   0.000000E+00   0.000000E+00   0.000000E+00
    5.7186   0.000000E+00   0.000000E+00   0.000000E+00
    5.7383   0.000000E+00   0.000000E+00   0.000000E+00
    5.7579   0.000000E+00   0.000000E+00   0.000000E+00
    5.7776   0.000000E+00   0.000000E+00   0.000000E+00
    5.7972   0.000000E+00   0.000000E+00   0.000000E+00
    5.8168   0.000000E+00   0.000000E+00   0.000000E+00
    5.8365   0.000000E+00   0.000000E+00   0.000000E+00
    5.8561   0.000000E+00   0.000000E+00   0.000000E+00
    5.8758   0.000000E+00   0.000000E+00   0.000000E+00
    5.8954   0.000000E+00   0.000000E+00   0.000000E+00
    5.9150   0.000000E+00   0.000000E+00   0.000000E+00
    5.9347   0.000000E+00   0.000000E+00   0.000000E+00
    5.9543   0.000000E+00   0.000000E+00   0.000000E+00
    5.9739   0.000000E+00   0.000000E+00   0.000000E+00
    5.9936   0.000000E+00   0.000000E+00   0.000000E+00
    6.0132   0.000000E+00   0.000000E+00   0.000000E+00
    6.0329   0.000000E+00   0.000000E+00   0.000000E+00
    6.0525   0.000000E+00   0.000000E+00   0.000000E+00
    6.0721   0.000000E+00   0.000000E+00   0.000000E+00
    6.0918   0.000000E+00   0.000000E+00   0.000000E+00
    6.1114   0.000000E+00   0.000000E+00   0.000000E+00
    6.1311   0.000000E+00   0.000000E+00   0.000000E+00
    6.1507   0.000000E+00   0.000000E+00   0.000000E+00
    6.1703   0.000000E+00   0.000000E+00   0.000000E+00
    6.1900   0.000000E+00   0.000000E+00   0.000000E+00
    6.2096   0.000000E+00   0.000000E+00   0.000000E+00
    6.2293   0.000000E+00   0.000000E+00   0.000000E+00
    6.2489   0.000000E+00   0.000000E+00   0.000000E+00
    6.2685   0.000000E+00   0.000000E+00   0.000000E+00
    6.2882   0.000000E+00   0.000000E+00   0.000000E+00
    6.3078   0.000000E+00   0.000000E+00   0.000000E+00
    6.3275   0.000000E+00   0.000000E+00   0.000000E+00
    6.3471   0.000000E+00   0.000000E+00   0.000000E+00
    6.3667   0.000000E+00   0.000000E+00   0.000000E+00
    6.3864   0.000000E+00   0.000000E+00   0.000000E+00
    6.4060   0.000000E+00   0.000000E+00   0.000000E+00
    6.4257   0.000000E+00   0.000000E+00   0.000000E+00
    6.4453   0.000000E+00   0.000000E+00   0.000000E+00
    6.4649   0.000000E+00   0.000000E+00   0.000000E+00
    6.4846   0.000000E+00   0.000000E+00   0.000000E+00
    6.5042   0.000000E+00   0.000000E+00   0.000000E+00
    6.5238   0.000000E+00   0.000000E+00   0.000000E+00
    6.5435   0.000000E+00   0.000000E+00   0.000000E+00
    6.5631   0.000000E+00   0.000000E+00   0.000000E+00
    6.5828   0.000000E+00   0.000000E+00   0.000000E+00
    6.6024   0.000000E+00   0.000000E+00   0.000000E+00
    6.6220   0.000000E+00   0.000000E+00   0.000000E+00
    6.6417   0.000000E+00   0.000000E+00   0.000000E+00
    6.6613   0.000000E+00   0.000000E+00   0.000000E+00
    6.6810   0.000000E+00   0.000000E+00   0.000000E+00
    6.7006   0.000000E+00   0.000000E+00   0.000000E+00
    6.7202   0.000000E+00   0.000000E+00   0.000000E+00
    6.7399   0.000000E+00   0.000000E+00   0.000000E+00
    6.7595   0.000000E+00   0.000000E+00   0.000000E+00
    6.7792   0.000000E+00   0.000000E+00   0.000000E+00
    6.7988   0.000000E+00   0.000000E+00   0.000000E+00
    6.8184   0.000000E+00   0.000000E+00   0.000000E+00
    6.8381   0.000000E+00   0.000000E+00   0.000000E+00
    6.8577   0.000000E+00   0.000000E+00   0.000000E+00
    6.8774   0.000000E+00   0.000000E+00   0.000000E+00
    6.8970   0.000000E+00   0.000000E+00   0.000000E+00
    6.9166   0.000000E+00   0.000000E+00   0.000000E+00
    6.9363   0.000000E+00   0.000000E+00   0.000000E+00
    6.9559   0.000000E+00   0.000000E+00   0.000000E+00
    6.9756   0.000000E+00   0.000000E+00   0.000000E+00
    6.9952   0.000000E+00   0.000000E+00   0.000000E+00
    7.0148   0.000000E+00   0.000000E+00   0.000000E+00
    7.0345   0.000000E+00   0.000000E+00   0.000000E+00
    7.0541   0.000000E+00   0.000000E+00   0.000000E+00
    7.0737   0.000000E+00   0.000000E+00   0.000000E+00
    7.0934   0.000000E+00   0.000000E+00   0.000000E+00
    7.1130   0.000000E+00   0.000000E+00   0.000000E+00
    7.1327   0.000000E+00   0.000000E+00   0.000000E+00
    7.1523   0.000000E+00   0.000000E+00   0.000000E+00
    7.1719   0.000000E+00   0.000000E+00   0.000000E+00
    7.1916   0.000000E+00   0.000000E+00   0.000000E+00
    7.2112   0.000000E+00   0.000000E+00   0.000000E+00
    7.2309   0.000000E+00   0.000000E+00   0.000000E+00
    7.2505   0.000000E+00   0.000000E+00   0.000000E+00
    7.2701   0.000000E+00   0.000000E+00   0.000000E+00
    7.2898   0.000000E+00   0.000000E+00   0.000000E+00
    7.3094   0.000000E+00   0.000000E+00   0.000000E+00
    7.3291   0.000000E+00   0.000000E+00   0.000000E+00
    7.3487   0.000000E+00   0.000000E+00   0.000000E+00
    7.3683   0.000000E+00   0.000000E+00   0.000000E+00
    7.3880   0.000000E+00   0.000000E+00   0.000000E+00
    7.4076   0.000000E+00   0.000000E+00   0.000000E+00
    7.4273   0.000000E+00   0.000000E+00   0.000000E+00
    7.4469   0.000000E+00   0.000000E+00   0.000000E+00
    7.4665   0.000000E+00   0.000000E+00   0.000000E+00
    7.4862   0.000000E+00   0.000000E+00   0.000000E+00
    7.5058   0.000000E+00   0.000000E+00   0.000000E+00
    7.5255   0.000000E+00   0.000000E+00   0.000000E+00
    7.5451   0.000000E+00   0.000000E+00   0.000000E+00
    7.5647   0.000000E+00   0.000000E+00   0.000000E+00
    7.5844   0.000000E+00   0.000000E+00   0.000000E+00
    7.6040   0.000000E+00   0.000000E+00   0.000000E+00
    7.6236   0.000000E+00   0.000000E+00   0.000000E+00
    7.6433   0.000000E+00   0.000000E+00   0.000000E+00
    7.6629   0.000000E+00   0.000000E+00   0.000000E+00
    7.6826   0.000000E+00   0.000000E+00   0.000000E+00
    7.7022   0.000000E+00   0.000000E+00   0.000000E+00
    7.7218   0.000000E+00   0.000000E+00   0.000000E+00
    7.7415   0.000000E+00   0.000000E+00   0.000000E+00
    7.7611   0.000000E+00   0.000000E+00   0.000000E+00
    7.7808   0.000000E+00   0.000000E+00   0.000000E+00
    7.8004   0.000000E+00   0.000000E+00   0.000000E+00
    7.8200   0.000000E+00   0.000000E+00   0.000000E+00
    7.8397   0.000000E+00   0.000000E+00   0.000000E+00
    7.8593   0.000000E+00   0.000000E+00   0.000000E+00
    7.8790   0.000000E+00   0.000000E+00   0.000000E+00
    7.8986   0.000000E+00   0.000000E+00   0.000000E+00
    7.9182   0.000000E+00   0.000000E+00   0.000000E+00
    7.9379   0.000000E+00   0.000000E+00   0.000000E+00
    7.9575   0.000000E+00   0.000000E+00   0.000000E+00
    7.9772   0.000000E+00   0.000000E+00   0.000000E+00
    7.9968   0.000000E+00   0.000000E+00   0.000000E+00
    8.0164   0.000000E+00   0.000000E+00   0.000000E+00
    8.0361   0.000000E+00   0.000000E+00   0.000000E+00
    8.0557   0.000000E+00   0.000000E+00   0.000000E+00
    8.0754   0.000000E+00   0.000000E+00   0.000000E+00
    8.0950   0.000000E+00   0.000000E+00   0.000000E+00
    8.1146   0.000000E+00   0.000000E+00   0.000000E+00
    8.1343   0.000000E+00   0.000000E+00   0.000000E+00
    8.1539   0.000000E+00   0.000000E+00   0.000000E+00
    8.1735   0.000000E+00   0.000000E+00   0.000000E+00
    8.1932   0.000000E+00   0.000000E+00   0.000000E+00
    8.2128   0.000000E+00   0.000000E+00   0.000000E+00
    8.2325   0.000000E+00   0.000000E+00   0.000000E+00
    8.2521   0.000000E+00   0.000000E+00   0.000000E+00
    8.2717   0.000000E+00   0.000000E+00   0.000000E+00
    8.2914   0.000000E+00   0.000000E+00   0.000000E+00
    8.3110   0.000000E+00   0.000000E+00   0.000000E+00
    8.3307   0.000000E+00   0.000000E+00   0.000000E+00
    8.3503   0.000000E+00   0.000000E+00   0.000000E+00
    8.3699   0.000000E+00   0.000000E+00   0.000000E+00
    8.3896   0.000000E+00   0.000000E+00   0.000000E+00
    8.4092   0.000000E+00   0.000000E+00   0.000000E+00
    8.4289   0.000000E+00   0.000000E+00   0.000000E+00
    8.4485   0.000000E+00   0.000000E+00   0.000000E+00
    8.4681   0.000000E+00   0.000000E+00   0.000000E+00
    8.4878   0.000000E+00   0.000000E+00   0.000000E+00
    8.5074   0.000000E+00   0.000000E+00   0.000000E+00
    8.5271   0.000000E+00   0.000000E+00   0.000000E+00
    8.5467   0.000000E+00   0.000000E+00   0.000000E+00
    8.5663   0.000000E+00   0.000000E+00   0.000000E+00
    8.5860   0.000000E+00   0.000000E+00   0.000000E+00
    8.6056   0.000000E+00   0.000000E+00   0.000000E+00
    8.6253   0.000000E+00   0.000000E+00   0.000000E+00
    8.6449   0.000000E+00   0.000000E+00   0.000000E+00
    8.6645   0.000000E+00   0.000000E+00   0.000000E+00
    8.6842   0.000000E+00   0.000000E+00   0.000000E+00
    8.7038   0.000000E+00   0.000000E+00   0.000000E+00
    8.7234   0.000000E+00   0.000000E+00   0.000000E+00
    8.7431   0.000000E+00   0.000000E+00   0.000000E+00
    8.7627   0.000000E+00   0.000000E+00   0.000000E+00
    8.7824   0.000000E+00   0.000000E+00   0.000000E+00
    8.8020   0.000000E+00   0.000000E+00   0.000000E+00
    8.8216   0.000000E+00   0.000000E+00   0.000000E+00
    8.8413   0.000000E+00   0.000000E+00   0.000000E+00
    8.8609   0.000000E+00   0.000000E+00   0.000000E+00
    8.8806   0.000000E+00   0.000000E+00   0.000000E+00
    8.9002   0.000000E+00   0.000000E+00   0.000000E+00
    8.9198   0.000000E+00   0.000000E+00   0.000000E+00
    8.9395   0.000000E+00   0.000000E+00   0.000000E+00
    8.9591   0.000000E+00   0.000000E+00   0.000000E+00
    8.9788   0.000000E+00   0.000000E+00   0.000000E+00
    8.9984   0.000000E+00   0.000000E+00   0.000000E+00
    9.0180   0.000000E+00   0.000000E+00   0.000000E+00
    9.0377   0.000000E+00   0.000000E+00   0.000000E+00
    9.0573   0.000000E+00   0.000000E+00   0.000000E+00
    9.0770   0.000000E+00   0.000000E+00   0.000000E+00
    9.0966   0.000000E+00   0.000000E+00   0.000000E+00
    9.1162   0.000000E+00   0.000000E+00   0.000000E+00
    9.1359   0.000000E+00   0.000000E+00   0.000000E+00
    9.1555   0.000000E+00   0.000000E+00   0.000000E+00
    9.1752   0.000000E+00   0.000000E+00   0.000000E+00
    9.1948   0.000000E+00   0.000000E+00   0.000000E+00
    9.2144   0.000000E+00   0.000000E+00   0.000000E+00
    9.2341   0.000000E+00   0.000000E+00   0.000000E+00
    9.2537   0.000000E+00   0.000000E+00   0.000000E+00
    9.2733   0.000000E+00   0.000000E+00   0.000000E+00
    9.2930   0.000000E+00   0.000000E+00   0.000000E+00
    9.3126   0.000000E+00   0.000000E+00   0.000000E+00
    9.3323   0.000000E+00   0.000000E+00   0.000000E+00
    9.3519   0.000000E+00   0.000000E+00   0.000000E+00
    9.3715   0.000000E+00   0.000000E+00   0.000000E+00
    9.3912   0.000000E+00   0.000000E+00   0.000000E+00
    9.4108   0.000000E+00   0.000000E+00   0.000000E+00
    9.4305   0.000000E+00   0.000000E+00   0.000000E+00
    9.4501   0.000000E+00   0.000000E+00   0.000000E+00
    9.4697   0.000000E+00   0.000000E+00   0.000000E+00
    9.4894   0.000000E+00   0.000000E+00   0.000000E+00
    9.5090   0.000000E+00   0.000000E+00   0.000000E+00
    9.5287   0.000000E+00   0.000000E+00   0.000000E+00
    9.5483   0.000000E+00   0.000000E+00   0.000000E+00
    9.5679   0.000000E+00   0.000000E+00   0.000000E+00
    9.5876   0.000000E+00   0.000000E+00   0.000000E+00
    9.6072   0.000000E+00   0.000000E+00   0.000000E+00
    9.6269   0.000000E+00   0.000000E+00   0.000000E+00
    9.6465   0.000000E+00   0.000000E+00   0.000000E+00
    9.6661   0.000000E+00   0.000000E+00   0.000000E+00
    9.6858   0.000000E+00   0.000000E+00   0.000000E+00
    9.7054   0.000000E+00   0.000000E+00   0.000000E+00
    9.7251   0.000000E+00   0.000000E+00   0.000000E+00
    9.7447   0.000000E+00   0.000000E+00   0.000000E+00
    9.7643   0.000000E+00   0.000000E+00   0.000000E+00
    9.7840   0.000000E+00   0.000000E+00   0.000000E+00
    9.8036   0.000000E+00   0.000000E+00   0.000000E+00
    9.8232   0.000000E+00   0.000000E+00   0.000000E+00
    9.8429   0.000000E+00   0.000000E+00   0.000000E+00
    9.8625   0.000000E+00   0.000000E+00   0.000000E+00
    9.8822   0.000000E+00   0.000000E+00   0.000000E+00
    9.9018   0.000000E+00   0.000000E+00   0.000000E+00
    9.9214   0.000000E+00   0.000000E+00   0.000000E+00
    9.9411   0.000000E+00   0.000000E+00   0.000000E+00
    9.9607   0.000000E+00   0.000000E+00   0.000000E+00
    9.9804   0.000000E+00   0.000000E+00   0.000000E+00
   10.0000   0.000000E+00   0.000000E+00   0.000000E+00
