# Z  N  sigma_alpha  n_bins  ipar
   54.0000   77.2930 -1.0000    15     5
# bin  dN_dat  sigma_dat  R_SM
    1  -2.1102000E-01   2.0630000E-01   1.4264015E-03
    2   9.2910000E-02   1.8583000E-01   1.0558979E-03
    3  -2.9449000E-01   1.8583000E-01   1.8687540E-03
    4   1.0394000E-01   1.4961000E-01   1.3600382E-03
    5   1.4173000E-01   1.3071000E-01   9.6549051E-04
    6  -1.7320000E-02   1.2756000E-01   6.7617054E-04
    7  -1.7323000E-01   1.2913000E-01   4.7655879E-04
    8   9.1340000E-02   1.0551000E-01   6.3486589E-04
    9  -1.4170000E-02   9.2910000E-02   4.5495551E-04
   10  -9.7640000E-02   9.2910000E-02   3.2383723E-04
   11   4.7240000E-02   6.9290000E-02   2.2757508E-04
   12  -4.0940000E-02   7.4020000E-02   1.5854220E-04
   13   9.4500000E-03   6.6140000E-02   1.3389383E-04
   14  -1.2600000E-02   6.7720000E-02   9.3774099E-05
   15   1.5118000E-01   5.5120000E-02   6.5525092E-05
