# PE_center   Total(1SE..15SE)   1SE   2SE   3SE   4SE   5SE   6SE   7SE
     2.5   0.131942E-01   0.131908E-01   0.346495E-05   0.905560E-09   0.245580E-12   0.630799E-16   0.151075E-19   0.338390E-23
     7.5   0.886128E-01   0.885839E-01   0.288914E-04   0.811554E-08   0.228170E-11   0.598900E-15   0.145519E-18   0.329323E-22
    12.5   0.386086E+00   0.385892E+00   0.194023E-03   0.629593E-07   0.190252E-10   0.521462E-14   0.130413E-17   0.301282E-21
    17.5   0.109149E+01   0.109044E+01   0.104942E-02   0.422809E-06   0.142366E-09   0.416387E-13   0.108741E-16   0.259102E-20
    22.5   0.200336E+01   0.199878E+01   0.457153E-02   0.245794E-05   0.956073E-09   0.304913E-12   0.843595E-16   0.209467E-19
    27.5   0.239265E+01   0.237659E+01   0.160393E-01   0.123691E-04   0.576212E-08   0.204767E-11   0.608902E-15   0.159187E-18
    32.5   0.187841E+01   0.183304E+01   0.453233E-01   0.538828E-04   0.311659E-07   0.126110E-10   0.408914E-14   0.113722E-17
    37.5   0.102045E+01   0.917092E+00   0.103151E+00   0.203190E-03   0.151281E-06   0.712270E-10   0.255498E-13   0.763710E-17
    42.5   0.487372E+00   0.297633E+00   0.189075E+00   0.663281E-03   0.659013E-06   0.368931E-09   0.148530E-12   0.482125E-16
    47.5   0.343668E+00   0.626579E-01   0.279133E+00   0.187428E-02   0.257639E-05   0.175247E-08   0.803362E-12   0.286113E-15
    52.5   0.345045E+00   0.855651E-02   0.331895E+00   0.458473E-02   0.903931E-05   0.763416E-08   0.404278E-11   0.159611E-14
    57.5   0.328331E+00   0.757956E-03   0.317836E+00   0.970811E-02   0.284620E-04   0.304984E-07   0.189286E-10   0.837013E-14
    62.5   0.263062E+00   0.435529E-04   0.245143E+00   0.177950E-01   0.804271E-04   0.111737E-06   0.824575E-10   0.412620E-13
    67.5   0.180724E+00   0.162337E-05   0.152282E+00   0.282360E-01   0.203960E-03   0.375426E-06   0.334204E-09   0.191211E-12
    72.5   0.115438E+00   0.392503E-07   0.761887E-01   0.387838E-01   0.464190E-03   0.115679E-05   0.126027E-08   0.832961E-12
    77.5   0.777666E-01   0.615595E-09   0.307005E-01   0.461148E-01   0.948097E-03   0.326884E-05   0.442169E-08   0.341100E-11
    82.5   0.591747E-01   0.626288E-11   0.996354E-02   0.474648E-01   0.173786E-02   0.847101E-05   0.144339E-07   0.131306E-10
    87.5   0.477740E-01   0.413313E-13   0.260433E-02   0.422907E-01   0.285881E-02   0.201318E-04   0.438378E-07   0.475156E-10
    92.5   0.374310E-01   0.176933E-15   0.548264E-03   0.326183E-01   0.422048E-02   0.438768E-04   0.123876E-06   0.161634E-09
    97.5   0.275507E-01   0.491323E-18   0.929603E-04   0.217780E-01   0.559171E-02   0.876987E-04   0.325682E-06   0.516865E-09
   102.5   0.194098E-01   0.885016E-21   0.126946E-04   0.125869E-01   0.664867E-02   0.160752E-03   0.796660E-06   0.155370E-08
   107.5   0.136655E-01   0.103410E-23   0.139622E-05   0.629739E-02   0.709464E-02   0.270225E-03   0.181310E-05   0.439040E-08
   112.5   0.994205E-02   0.783785E-27   0.123680E-06   0.272738E-02   0.679412E-02   0.416580E-03   0.383923E-05   0.116624E-07
   117.5   0.745812E-02   0.385354E-30   0.882389E-08   0.102252E-02   0.583905E-02   0.588949E-03   0.756373E-05   0.291218E-07
   122.5   0.561296E-02   0.122899E-33   0.507030E-09   0.331848E-03   0.450358E-02   0.763593E-03   0.138643E-04   0.683588E-07
   127.5   0.414227E-02   0.254252E-37   0.234650E-10   0.932288E-04   0.311731E-02   0.907928E-03   0.236447E-04   0.150840E-06
   132.5   0.298699E-02   0.341197E-41   0.874621E-12   0.226727E-04   0.193646E-02   0.990025E-03   0.375179E-04   0.312887E-06
   137.5   0.213035E-02   0.297011E-45   0.262562E-13   0.477306E-05   0.107956E-02   0.990025E-03   0.553880E-04   0.610105E-06
   142.5   0.152612E-02   0.167713E-49   0.634832E-15   0.869829E-06   0.540116E-03   0.907928E-03   0.760786E-04   0.111832E-05
   147.5   0.110541E-02   0.614309E-54   0.123623E-16   0.137218E-06   0.242513E-03   0.763593E-03   0.972257E-04   0.192698E-05
   152.5   0.805438E-03   0.145960E-58   0.193888E-18   0.187384E-07   0.977216E-04   0.588949E-03   0.115603E-03   0.312129E-05
   157.5   0.584608E-03   0.224960E-63   0.244915E-20   0.221512E-08   0.353389E-04   0.416580E-03   0.127888E-03   0.475266E-05
   162.5   0.420213E-03   0.224908E-68   0.249169E-22   0.226674E-09   0.114689E-04   0.270225E-03   0.131632E-03   0.680278E-05
   167.5   0.299449E-03   0.145858E-73   0.204167E-24   0.200793E-10   0.334038E-05   0.160752E-03   0.126057E-03   0.915341E-05
   172.5   0.212706E-03   0.613595E-79   0.134738E-26   0.153971E-11   0.873127E-06   0.876987E-04   0.112315E-03   0.115778E-04
   177.5   0.151332E-03   0.167440E-84   0.716158E-29   0.102204E-12   0.204817E-06   0.438768E-04   0.931073E-04   0.137662E-04
   182.5   0.107932E-03   0.296390E-90   0.306577E-31   0.587277E-14   0.431181E-07   0.201318E-04   0.718124E-04   0.153869E-04
   187.5   0.769609E-04   0.340326E-96   0.105702E-33   0.292118E-15   0.814631E-08   0.847101E-05   0.515331E-04   0.161672E-04
   192.5   0.546843E-04   0.253484-102   0.293523E-36   0.125781E-16   0.138124E-08   0.326884E-05   0.344068E-04   0.159685E-04
   197.5   0.386664E-04   0.122471-108   0.656466E-39   0.468830E-18   0.210176E-09   0.115679E-05   0.213734E-04   0.148265E-04
   202.5   0.272351E-04   0.383834-115   0.118249E-41   0.151272E-19   0.287015E-10   0.375426E-06   0.123530E-04   0.129408E-04
   207.5   0.191489E-04   0.780332-122   0.171551E-44   0.422514E-21   0.351748E-11   0.111737E-06   0.664269E-05   0.106177E-04
   212.5   0.134576E-04   0.102906-128   0.200448E-47   0.102157E-22   0.386870E-12   0.304984E-07   0.332343E-05   0.818930E-05
   217.5   0.945204E-05   0.880297-136   0.188636E-50   0.213814E-24   0.381862E-13   0.763416E-08   0.154703E-05   0.593758E-05
   222.5   0.662697E-05   0.488477-143   0.142976E-53   0.387388E-26   0.338262E-14   0.175247E-08   0.670013E-06   0.404686E-05
   227.5   0.463303E-05   0.175827-150   0.872793E-57   0.607572E-28   0.268910E-15   0.368931E-09   0.269984E-06   0.259283E-05
   232.5   0.322898E-05   0.410536-158   0.429115E-60   0.824883E-30   0.191852E-16   0.712270E-10   0.101220E-06   0.156162E-05
   237.5   0.224468E-05   0.621791-166   0.169922E-63   0.969458E-32   0.122838E-17   0.126110E-10   0.353071E-07   0.884148E-06
   242.5   0.155759E-05   0.610892-174   0.541924E-67   0.986296E-34   0.705842E-19   0.204767E-11   0.114586E-07   0.470566E-06
   247.5   0.107925E-05   0.389323-182   0.139200E-70   0.868617E-36   0.363988E-20   0.304913E-12   0.345995E-08   0.235430E-06
   252.5   0.746588E-06   0.160947-190   0.287975E-74   0.662203E-38   0.168451E-21   0.416387E-13   0.972031E-09   0.110726E-06
   257.5   0.515384E-06   0.431599-199   0.479826E-78   0.437014E-40   0.699628E-23   0.521462E-14   0.254075E-09   0.489538E-07
   262.5   0.354914E-06   0.750767-208   0.643910E-82   0.249656E-42   0.260776E-24   0.598900E-15   0.617894E-10   0.203455E-07
   267.5   0.243814E-06   0.847142-217   0.695952E-86   0.123462E-44   0.872315E-26   0.630799E-16   0.139810E-10   0.794871E-08
   272.5   0.167128E-06   0.620059-226   0.605825E-90   0.528522E-47   0.261870E-27   0.609303E-17   0.294329E-11   0.291925E-08
   277.5   0.114347E-06   0.294399-235   0.424745E-94   0.195856E-49   0.705514E-29   0.539735E-18   0.576498E-12   0.100784E-08
   282.5   0.780974E-07   0.906706-245   0.239840E-98   0.628277E-52   0.170581E-30   0.438463E-19   0.105059E-12   0.327086E-09
   287.5   0.532408E-07   0.181143-254   0.109076-102   0.174465E-54   0.370139E-32   0.326656E-20   0.178132E-13   0.997876E-10
   292.5   0.362224E-07   0.234750-264   0.399530-107   0.419381E-57   0.720781E-34   0.223179E-21   0.281010E-14   0.286179E-10
   297.5   0.245918E-07   0.197339-274   0.117864-111   0.872670E-60   0.125965E-35   0.139837E-22   0.412450E-15   0.771519E-11
   302.5   0.166608E-07   0.107609-284   0.280046-116   0.157193E-62   0.197561E-37   0.803517E-24   0.563238E-16   0.195525E-11
   307.5   0.112653E-07   0.380636-295   0.535906-121   0.245109E-65   0.278074E-39   0.423422E-25   0.715622E-17   0.465803E-12
   312.5   0.760287E-08   0.873368-306   0.825965-126   0.330847E-68   0.351258E-41   0.204624E-26   0.845954E-18   0.104316E-12
   317.5   0.512163E-08   0.129991-316   0.102529-130   0.386578E-71   0.398197E-43   0.906874E-28   0.930424E-19   0.219607E-13
   322.5   0.344359E-08   0.000000E+00   0.102505-135   0.391011E-74   0.405113E-45   0.368588E-29   0.952108E-20   0.434597E-14
   327.5   0.231074E-08   0.000000E+00   0.825389-141   0.342360E-77   0.369881E-47   0.137386E-30   0.906488E-21   0.808489E-15
   332.5   0.154739E-08   0.000000E+00   0.535284-146   0.259489E-80   0.303077E-49   0.469619E-32   0.802988E-22   0.141387E-15
   337.5   0.103406E-08   0.000000E+00   0.279591-151   0.170254E-83   0.222870E-51   0.147216E-33   0.661801E-23   0.232429E-16
   342.5   0.689598E-09   0.000000E+00   0.117618-156   0.966982E-87   0.147081E-53   0.423225E-35   0.507478E-24   0.359184E-17
   347.5   0.458926E-09   0.000000E+00   0.398510-162   0.475424E-90   0.871100E-56   0.111582E-36   0.362057E-25   0.521785E-18
   352.5   0.304767E-09   0.000000E+00   0.108747-167   0.202342E-93   0.463005E-58   0.269785E-38   0.240330E-26   0.712545E-19
   357.5   0.201947E-09   0.000000E+00   0.239005-173   0.745474E-97   0.220857E-60   0.598205E-40   0.148426E-27   0.914703E-20
   362.5   0.133509E-09   0.000000E+00   0.423070-179   0.237750-100   0.945456E-63   0.121643E-41   0.852873E-29   0.110381E-20
   367.5   0.880553E-10   0.000000E+00   0.603155-185   0.656375-104   0.363228E-65   0.226844E-43   0.455962E-30   0.125215E-21
   372.5   0.579347E-10   0.000000E+00   0.692564-191   0.156865-107   0.125234E-67   0.387949E-45   0.226801E-31   0.133525E-22
   377.5   0.380220E-10   0.000000E+00   0.640477-197   0.324519-111   0.387502E-70   0.608453E-47   0.104962E-32   0.133849E-23
   382.5   0.248893E-10   0.000000E+00   0.477046-203   0.581162-115   0.107605E-72   0.875155E-49   0.451948E-34   0.126130E-24
   387.5   0.162493E-10   0.000000E+00   0.286174-209   0.900942-119   0.268161E-75   0.115438E-50   0.181058E-35   0.111728E-25
   392.5   0.105793E-10   0.000000E+00   0.138265-215   0.120903-122   0.599744E-78   0.139642E-52   0.674865E-37   0.930374E-27
   397.5   0.686803E-11   0.000000E+00   0.538033-222   0.140450-126   0.120377E-80   0.154913E-54   0.234039E-38   0.728280E-28
   402.5   0.444538E-11   0.000000E+00   0.168624-228   0.141237-130   0.216834E-83   0.157604E-56   0.755144E-40   0.535902E-29
   407.5   0.286839E-11   0.000000E+00   0.425638-235   0.122946-134   0.350524E-86   0.147045E-58   0.226695E-41   0.370697E-30
   412.5   0.184484E-11   0.000000E+00   0.865319-242   0.926455-139   0.508527E-89   0.125817E-60   0.633179E-43   0.241045E-31
   417.5   0.118251E-11   0.000000E+00   0.141685-248   0.604333-143   0.662091E-92   0.987268E-63   0.164544E-44   0.147342E-32
   422.5   0.755233E-12   0.000000E+00   0.186847-255   0.341248-147   0.773620E-95   0.710452E-65   0.397839E-46   0.846641E-34
   427.5   0.480481E-12   0.000000E+00   0.198455-262   0.166804-151   0.811230E-98   0.468856E-67   0.894962E-48   0.457319E-35
   432.5   0.304402E-12   0.000000E+00   0.169766-269   0.705804-156   0.763426-101   0.283759E-69   0.187315E-49   0.232213E-36
   437.5   0.191962E-12   0.000000E+00   0.116964-276   0.258526-160   0.644758-104   0.157494E-71   0.364764E-51   0.110841E-37
   442.5   0.120436E-12   0.000000E+00   0.649032-284   0.819723-165   0.488690-107   0.801651E-74   0.660879E-53   0.497347E-39
   447.5   0.751291E-13   0.000000E+00   0.290064-291   0.224994-169   0.332411-110   0.374206E-76   0.111405E-54   0.209781E-40
   452.5   0.465632E-13   0.000000E+00   0.104408-298   0.534586-174   0.202920-113   0.160193E-78   0.174725E-56   0.831800E-42
   457.5   0.286473E-13   0.000000E+00   0.302683-306   0.109953-178   0.111168-116   0.628896E-81   0.254964E-58   0.310041E-43
   462.5   0.174780E-13   0.000000E+00   0.706732-314   0.195766-183   0.546568-120   0.226423E-83   0.346157E-60   0.108634E-44
   467.5   0.105630E-13   0.000000E+00   0.123516-321   0.301724-188   0.241164-123   0.747597E-86   0.437259E-62   0.357814E-46
   472.5   0.631591E-14   0.000000E+00   0.000000E+00   0.402555-193   0.954968-127   0.226370E-88   0.513896E-64   0.110789E-47
   477.5   0.373149E-14   0.000000E+00   0.000000E+00   0.464924-198   0.339368-130   0.628604E-91   0.561930E-66   0.322466E-49
   482.5   0.217543E-14   0.000000E+00   0.000000E+00   0.464816-203   0.108233-133   0.160081E-93   0.571691E-68   0.882300E-51
   487.5   0.124978E-14   0.000000E+00   0.000000E+00   0.402274-208   0.309781-137   0.373859E-96   0.541141E-70   0.226932E-52
   492.5   0.706581E-15   0.000000E+00   0.000000E+00   0.301374-213   0.795714-141   0.800720E-99   0.476575E-72   0.548683E-54
   497.5   0.392598E-15   0.000000E+00   0.000000E+00   0.195448-218   0.183428-144   0.157275-101   0.390502E-74   0.124708E-55
   502.5   0.214109E-15   0.000000E+00   0.000000E+00   0.109723-223   0.379473-148   0.283298-104   0.297705E-76   0.266449E-57
   507.5   0.114470E-15   0.000000E+00   0.000000E+00   0.533221-229   0.704535-152   0.467985-107   0.211164E-78   0.535155E-59
   512.5   0.599265E-16   0.000000E+00   0.000000E+00   0.224315-234   0.117390-155   0.708967-110   0.139356E-80   0.101040E-60
   517.5   0.306872E-16   0.000000E+00   0.000000E+00   0.816870-240   0.175536-159   0.984976-113   0.855658E-83   0.179329E-62
   522.5   0.153564E-16   0.000000E+00   0.000000E+00   0.257507-245   0.235563-163   0.125496-115   0.488818E-85   0.299197E-64
   527.5   0.750308E-17   0.000000E+00   0.000000E+00   0.702694-251   0.283697-167   0.146636-118   0.259816E-87   0.469255E-66
   532.5   0.357665E-17   0.000000E+00   0.000000E+00   0.165992-256   0.306626-171   0.157129-121   0.128486E-89   0.691843E-68
   537.5   0.166229E-17   0.000000E+00   0.000000E+00   0.339429-262   0.297420-175   0.154410-124   0.591173E-92   0.958856E-70
   542.5   0.752805E-18   0.000000E+00   0.000000E+00   0.600832-268   0.258903-179   0.139156-127   0.253073E-94   0.124924E-71
   547.5   0.332035E-18   0.000000E+00   0.000000E+00   0.920659-274   0.202261-183   0.115009-130   0.100797E-96   0.152997E-73
   552.5   0.142570E-18   0.000000E+00   0.000000E+00   0.122120-279   0.141805-187   0.871704-134   0.373526E-99   0.176145E-75
   557.5   0.595740E-19   0.000000E+00   0.000000E+00   0.140223-285   0.892237-192   0.605913-137   0.128785-101   0.190635E-77
   562.5   0.242183E-19   0.000000E+00   0.000000E+00   0.139377-291   0.503819-196   0.386240-140   0.413124-104   0.193946E-79
   567.5   0.957586E-20   0.000000E+00   0.000000E+00   0.119924-297   0.255314-200   0.225792-143   0.123301-106   0.185484E-81
   572.5   0.368188E-20   0.000000E+00   0.000000E+00   0.893227-304   0.116113-204   0.121050-146   0.342393-109   0.166754E-83
   577.5   0.137640E-20   0.000000E+00   0.000000E+00   0.575918-310   0.473910-209   0.595153-150   0.884612-112   0.140927E-85
   582.5   0.500201E-21   0.000000E+00   0.000000E+00   0.321441-316   0.173586-213   0.268347-153   0.212644-114   0.111959E-87
   587.5   0.176692E-21   0.000000E+00   0.000000E+00   0.247033-322   0.570614-218   0.110961-156   0.475579-117   0.836127E-90
   592.5   0.606625E-22   0.000000E+00   0.000000E+00   0.000000E+00   0.168336-222   0.420773-160   0.989611-120   0.586990E-92
   597.5   0.202406E-22   0.000000E+00   0.000000E+00   0.000000E+00   0.445672-227   0.146329-163   0.191592-122   0.387378E-94
   602.5   0.656298E-23   0.000000E+00   0.000000E+00   0.000000E+00   0.105892-231   0.466681-167   0.345113-125   0.240318E-96
   607.5   0.206790E-23   0.000000E+00   0.000000E+00   0.000000E+00   0.225796-236   0.136494-170   0.578383-128   0.140147E-98
   612.5   0.633131E-24   0.000000E+00   0.000000E+00   0.000000E+00   0.432091-241   0.366112-174   0.901865-131   0.768298-101
   617.5   0.188355E-24   0.000000E+00   0.000000E+00   0.000000E+00   0.742064-246   0.900572-178   0.130839-133   0.395932-103
   622.5   0.544467E-25   0.000000E+00   0.000000E+00   0.000000E+00   0.114370-250   0.203155-181   0.176606-136   0.191804-105
   627.5   0.152921E-25   0.000000E+00   0.000000E+00   0.000000E+00   0.158195-255   0.420285-185   0.221792-139   0.873460-108
   632.5   0.417306E-26   0.000000E+00   0.000000E+00   0.000000E+00   0.196372-260   0.797377-189   0.259152-142   0.373916-110
   637.5   0.110645E-26   0.000000E+00   0.000000E+00   0.000000E+00   0.218762-265   0.138736-192   0.281732-145   0.150471-112
   642.5   0.285032E-27   0.000000E+00   0.000000E+00   0.000000E+00   0.218711-270   0.221371-196   0.284963-148   0.569215-115
   647.5   0.713404E-28   0.000000E+00   0.000000E+00   0.000000E+00   0.196235-275   0.323934-200   0.268171-151   0.202417-117
   652.5   0.173483E-28   0.000000E+00   0.000000E+00   0.000000E+00   0.158011-280   0.434708-204   0.234804-154   0.676651-120
   657.5   0.409876E-29   0.000000E+00   0.000000E+00   0.000000E+00   0.114185-285   0.534988-208   0.191280-157   0.212632-122
   662.5   0.940854E-30   0.000000E+00   0.000000E+00   0.000000E+00   0.740513-291   0.603804-212   0.144980-160   0.628116-125
   667.5   0.209829E-30   0.000000E+00   0.000000E+00   0.000000E+00   0.430987-296   0.624962-216   0.102238-163   0.174420-127
   672.5   0.454653E-31   0.000000E+00   0.000000E+00   0.000000E+00   0.225114-301   0.593220-220   0.670799-167   0.455304-130
   677.5   0.957120E-32   0.000000E+00   0.000000E+00   0.000000E+00   0.105523-306   0.516397-224   0.409489-170   0.111725-132
   682.5   0.195759E-32   0.000000E+00   0.000000E+00   0.000000E+00   0.443915-312   0.412246-228   0.232575-173   0.257721-135
   687.5   0.389000E-33   0.000000E+00   0.000000E+00   0.000000E+00   0.167594-317   0.301811-232   0.122901-176   0.558847-138
   692.5   0.751009E-34   0.000000E+00   0.000000E+00   0.000000E+00   0.000000E+00   0.202637-236   0.604250-180   0.113916-140
   697.5   0.140867E-34   0.000000E+00   0.000000E+00   0.000000E+00   0.000000E+00   0.124769-240   0.276408-183   0.218283-143
   702.5   0.256712E-35   0.000000E+00   0.000000E+00   0.000000E+00   0.000000E+00   0.704532-245   0.117640-186   0.393192-146
   707.5   0.454516E-36   0.000000E+00   0.000000E+00   0.000000E+00   0.000000E+00   0.364838-249   0.465833-190   0.665786-149
   712.5   0.781846E-37   0.000000E+00   0.000000E+00   0.000000E+00   0.000000E+00   0.173262-253   0.171624-193   0.105977-151
   717.5   0.130666E-37   0.000000E+00   0.000000E+00   0.000000E+00   0.000000E+00   0.754595-258   0.588294-197   0.158575-154
   722.5   0.212164E-38   0.000000E+00   0.000000E+00   0.000000E+00   0.000000E+00   0.301390-262   0.187622-200   0.223052-157
   727.5   0.334696E-39   0.000000E+00   0.000000E+00   0.000000E+00   0.000000E+00   0.110395-266   0.556728-204   0.294932-160
   732.5   0.512976E-40   0.000000E+00   0.000000E+00   0.000000E+00   0.000000E+00   0.370830-271   0.153700-207   0.366594-163
   737.5   0.763857E-41   0.000000E+00   0.000000E+00   0.000000E+00   0.000000E+00   0.114237-275   0.394799-211   0.428347-166
   742.5   0.110509E-41   0.000000E+00   0.000000E+00   0.000000E+00   0.000000E+00   0.322731-280   0.943516-215   0.470492-169
   747.5   0.155328E-42   0.000000E+00   0.000000E+00   0.000000E+00   0.000000E+00   0.836147-285   0.209794-218   0.485797-172
   752.5   0.212114E-43   0.000000E+00   0.000000E+00   0.000000E+00   0.000000E+00   0.198668-289   0.434019-222   0.471525-175
   757.5   0.281422E-44   0.000000E+00   0.000000E+00   0.000000E+00   0.000000E+00   0.432893-294   0.835400-226   0.430231-178
   762.5   0.362757E-45   0.000000E+00   0.000000E+00   0.000000E+00   0.000000E+00   0.865043-299   0.149607-229   0.369015-181
   767.5   0.454299E-46   0.000000E+00   0.000000E+00   0.000000E+00   0.000000E+00   0.158526-303   0.249276-233   0.297532-184
   772.5   0.552760E-47   0.000000E+00   0.000000E+00   0.000000E+00   0.000000E+00   0.266420-308   0.386437-237   0.225512-187
   777.5   0.653431E-48   0.000000E+00   0.000000E+00   0.000000E+00   0.000000E+00   0.410620-313   0.557378-241   0.160677-190
   782.5   0.750466E-49   0.000000E+00   0.000000E+00   0.000000E+00   0.000000E+00   0.580379-318   0.747982-245   0.107617-193
   787.5   0.837396E-50   0.000000E+00   0.000000E+00   0.000000E+00   0.000000E+00   0.000000E+00   0.933906-249   0.677577-197
   792.5   0.907819E-51   0.000000E+00   0.000000E+00   0.000000E+00   0.000000E+00   0.000000E+00   0.108489-252   0.401034-200
   797.5   0.956172E-52   0.000000E+00   0.000000E+00   0.000000E+00   0.000000E+00   0.000000E+00   0.117258-256   0.223126-203
   802.5   0.978455E-53   0.000000E+00   0.000000E+00   0.000000E+00   0.000000E+00   0.000000E+00   0.117914-260   0.116699-206
   807.5   0.972779E-54   0.000000E+00   0.000000E+00   0.000000E+00   0.000000E+00   0.000000E+00   0.110322-264   0.573759-210
   812.5   0.939629E-55   0.000000E+00   0.000000E+00   0.000000E+00   0.000000E+00   0.000000E+00   0.960354-269   0.265179-213
   817.5   0.881793E-56   0.000000E+00   0.000000E+00   0.000000E+00   0.000000E+00   0.000000E+00   0.777803-273   0.115211-216
   822.5   0.803980E-57   0.000000E+00   0.000000E+00   0.000000E+00   0.000000E+00   0.000000E+00   0.586111-277   0.470540-220
   827.5   0.712185E-58   0.000000E+00   0.000000E+00   0.000000E+00   0.000000E+00   0.000000E+00   0.410923-281   0.180653-223
   832.5   0.612926E-59   0.000000E+00   0.000000E+00   0.000000E+00   0.000000E+00   0.000000E+00   0.268048-285   0.651990-227
   837.5   0.512498E-60   0.000000E+00   0.000000E+00   0.000000E+00   0.000000E+00   0.000000E+00   0.162680-289   0.221199-230
   842.5   0.416337E-61   0.000000E+00   0.000000E+00   0.000000E+00   0.000000E+00   0.000000E+00   0.918606-294   0.705459-234
   847.5   0.328598E-62   0.000000E+00   0.000000E+00   0.000000E+00   0.000000E+00   0.000000E+00   0.482608-298   0.211499-237
   852.5   0.251973E-63   0.000000E+00   0.000000E+00   0.000000E+00   0.000000E+00   0.000000E+00   0.235901-302   0.596059-241
   857.5   0.187721E-64   0.000000E+00   0.000000E+00   0.000000E+00   0.000000E+00   0.000000E+00   0.107285-306   0.157913-244
   862.5   0.135875E-65   0.000000E+00   0.000000E+00   0.000000E+00   0.000000E+00   0.000000E+00   0.453958-311   0.393272-248
   867.5   0.955505E-67   0.000000E+00   0.000000E+00   0.000000E+00   0.000000E+00   0.000000E+00   0.178716-315   0.920694-252
   872.5   0.652824E-68   0.000000E+00   0.000000E+00   0.000000E+00   0.000000E+00   0.000000E+00   0.654637-320   0.202621-255
   877.5   0.433338E-69   0.000000E+00   0.000000E+00   0.000000E+00   0.000000E+00   0.000000E+00   0.000000E+00   0.419178-259
   882.5   0.279465E-70   0.000000E+00   0.000000E+00   0.000000E+00   0.000000E+00   0.000000E+00   0.000000E+00   0.815193-263
   887.5   0.175104E-71   0.000000E+00   0.000000E+00   0.000000E+00   0.000000E+00   0.000000E+00   0.000000E+00   0.149028-266
   892.5   0.106594E-72   0.000000E+00   0.000000E+00   0.000000E+00   0.000000E+00   0.000000E+00   0.000000E+00   0.256108-270
   897.5   0.630430E-74   0.000000E+00   0.000000E+00   0.000000E+00   0.000000E+00   0.000000E+00   0.000000E+00   0.413738-274
   902.5   0.362252E-75   0.000000E+00   0.000000E+00   0.000000E+00   0.000000E+00   0.000000E+00   0.000000E+00   0.628309-278
   907.5   0.202233E-76   0.000000E+00   0.000000E+00   0.000000E+00   0.000000E+00   0.000000E+00   0.000000E+00   0.896950-282
   912.5   0.109689E-77   0.000000E+00   0.000000E+00   0.000000E+00   0.000000E+00   0.000000E+00   0.000000E+00   0.120368-285
   917.5   0.578018E-79   0.000000E+00   0.000000E+00   0.000000E+00   0.000000E+00   0.000000E+00   0.000000E+00   0.151844-289
   922.5   0.295930E-80   0.000000E+00   0.000000E+00   0.000000E+00   0.000000E+00   0.000000E+00   0.000000E+00   0.180066-293
   927.5   0.147199E-81   0.000000E+00   0.000000E+00   0.000000E+00   0.000000E+00   0.000000E+00   0.000000E+00   0.200731-297
   932.5   0.711357E-83   0.000000E+00   0.000000E+00   0.000000E+00   0.000000E+00   0.000000E+00   0.000000E+00   0.210349-301
   937.5   0.333995E-84   0.000000E+00   0.000000E+00   0.000000E+00   0.000000E+00   0.000000E+00   0.000000E+00   0.207212-305
   942.5   0.152357E-85   0.000000E+00   0.000000E+00   0.000000E+00   0.000000E+00   0.000000E+00   0.000000E+00   0.191883-309
   947.5   0.675228E-87   0.000000E+00   0.000000E+00   0.000000E+00   0.000000E+00   0.000000E+00   0.000000E+00   0.167034-313
   952.5   0.290742E-88   0.000000E+00   0.000000E+00   0.000000E+00   0.000000E+00   0.000000E+00   0.000000E+00   0.136683-317
   957.5   0.121628E-89   0.000000E+00   0.000000E+00   0.000000E+00   0.000000E+00   0.000000E+00   0.000000E+00   0.988131-322
   962.5   0.494343E-91   0.000000E+00   0.000000E+00   0.000000E+00   0.000000E+00   0.000000E+00   0.000000E+00   0.000000E+00
   967.5   0.195205E-92   0.000000E+00   0.000000E+00   0.000000E+00   0.000000E+00   0.000000E+00   0.000000E+00   0.000000E+00
   972.5   0.748898E-94   0.000000E+00   0.000000E+00   0.000000E+00   0.000000E+00   0.000000E+00   0.000000E+00   0.000000E+00
   977.5   0.279140E-95   0.000000E+00   0.000000E+00   0.000000E+00   0.000000E+00   0.000000E+00   0.000000E+00   0.000000E+00
   982.5   0.101086E-96   0.000000E+00   0.000000E+00   0.000000E+00   0.000000E+00   0.000000E+00   0.000000E+00   0.000000E+00
   987.5   0.355653E-98   0.000000E+00   0.000000E+00   0.000000E+00   0.000000E+00   0.000000E+00   0.000000E+00   0.000000E+00
   992.5   0.121572E-99   0.000000E+00   0.000000E+00   0.000000E+00   0.000000E+00   0.000000E+00   0.000000E+00   0.000000E+00
   997.5   0.403743-101   0.000000E+00   0.000000E+00   0.000000E+00   0.000000E+00   0.000000E+00   0.000000E+00   0.000000E+00
  1002.5   0.130271-102   0.000000E+00   0.000000E+00   0.000000E+00   0.000000E+00   0.000000E+00   0.000000E+00   0.000000E+00
  1007.5   0.408373-104   0.000000E+00   0.000000E+00   0.000000E+00   0.000000E+00   0.000000E+00   0.000000E+00   0.000000E+00
  1012.5   0.124376-105   0.000000E+00   0.000000E+00   0.000000E+00   0.000000E+00   0.000000E+00   0.000000E+00   0.000000E+00
  1017.5   0.368030-107   0.000000E+00   0.000000E+00   0.000000E+00   0.000000E+00   0.000000E+00   0.000000E+00   0.000000E+00
  1022.5   0.105803-108   0.000000E+00   0.000000E+00   0.000000E+00   0.000000E+00   0.000000E+00   0.000000E+00   0.000000E+00
  1027.5   0.295517-110   0.000000E+00   0.000000E+00   0.000000E+00   0.000000E+00   0.000000E+00   0.000000E+00   0.000000E+00
  1032.5   0.801927-112   0.000000E+00   0.000000E+00   0.000000E+00   0.000000E+00   0.000000E+00   0.000000E+00   0.000000E+00
  1037.5   0.211425-113   0.000000E+00   0.000000E+00   0.000000E+00   0.000000E+00   0.000000E+00   0.000000E+00   0.000000E+00
  1042.5   0.541558-115   0.000000E+00   0.000000E+00   0.000000E+00   0.000000E+00   0.000000E+00   0.000000E+00   0.000000E+00
  1047.5   0.134773-116   0.000000E+00   0.000000E+00   0.000000E+00   0.000000E+00   0.000000E+00   0.000000E+00   0.000000E+00
  1052.5   0.325858-118   0.000000E+00   0.000000E+00   0.000000E+00   0.000000E+00   0.000000E+00   0.000000E+00   0.000000E+00
  1057.5   0.765461-120   0.000000E+00   0.000000E+00   0.000000E+00   0.000000E+00   0.000000E+00   0.000000E+00   0.000000E+00
  1062.5   0.174697-121   0.000000E+00   0.000000E+00   0.000000E+00   0.000000E+00   0.000000E+00   0.000000E+00   0.000000E+00
  1067.5   0.387362-123   0.000000E+00   0.000000E+00   0.000000E+00   0.000000E+00   0.000000E+00   0.000000E+00   0.000000E+00
  1072.5   0.834482-125   0.000000E+00   0.000000E+00   0.000000E+00   0.000000E+00   0.000000E+00   0.000000E+00   0.000000E+00
  1077.5   0.174657-126   0.000000E+00   0.000000E+00   0.000000E+00   0.000000E+00   0.000000E+00   0.000000E+00   0.000000E+00
  1082.5   0.355158-128   0.000000E+00   0.000000E+00   0.000000E+00   0.000000E+00   0.000000E+00   0.000000E+00   0.000000E+00
  1087.5   0.701659-130   0.000000E+00   0.000000E+00   0.000000E+00   0.000000E+00   0.000000E+00   0.000000E+00   0.000000E+00
  1092.5   0.134679-131   0.000000E+00   0.000000E+00   0.000000E+00   0.000000E+00   0.000000E+00   0.000000E+00   0.000000E+00
  1097.5   0.251155-133   0.000000E+00   0.000000E+00   0.000000E+00   0.000000E+00   0.000000E+00   0.000000E+00   0.000000E+00
  1102.5   0.455042-135   0.000000E+00   0.000000E+00   0.000000E+00   0.000000E+00   0.000000E+00   0.000000E+00   0.000000E+00
  1107.5   0.800996-137   0.000000E+00   0.000000E+00   0.000000E+00   0.000000E+00   0.000000E+00   0.000000E+00   0.000000E+00
  1112.5   0.136986-138   0.000000E+00   0.000000E+00   0.000000E+00   0.000000E+00   0.000000E+00   0.000000E+00   0.000000E+00
  1117.5   0.227611-140   0.000000E+00   0.000000E+00   0.000000E+00   0.000000E+00   0.000000E+00   0.000000E+00   0.000000E+00
  1122.5   0.367432-142   0.000000E+00   0.000000E+00   0.000000E+00   0.000000E+00   0.000000E+00   0.000000E+00   0.000000E+00
  1127.5   0.576274-144   0.000000E+00   0.000000E+00   0.000000E+00   0.000000E+00   0.000000E+00   0.000000E+00   0.000000E+00
  1132.5   0.878111-146   0.000000E+00   0.000000E+00   0.000000E+00   0.000000E+00   0.000000E+00   0.000000E+00   0.000000E+00
  1137.5   0.129999-147   0.000000E+00   0.000000E+00   0.000000E+00   0.000000E+00   0.000000E+00   0.000000E+00   0.000000E+00
  1142.5   0.186980-149   0.000000E+00   0.000000E+00   0.000000E+00   0.000000E+00   0.000000E+00   0.000000E+00   0.000000E+00
  1147.5   0.261290-151   0.000000E+00   0.000000E+00   0.000000E+00   0.000000E+00   0.000000E+00   0.000000E+00   0.000000E+00
  1152.5   0.354745-153   0.000000E+00   0.000000E+00   0.000000E+00   0.000000E+00   0.000000E+00   0.000000E+00   0.000000E+00
  1157.5   0.467928-155   0.000000E+00   0.000000E+00   0.000000E+00   0.000000E+00   0.000000E+00   0.000000E+00   0.000000E+00
  1162.5   0.599668-157   0.000000E+00   0.000000E+00   0.000000E+00   0.000000E+00   0.000000E+00   0.000000E+00   0.000000E+00
  1167.5   0.746638-159   0.000000E+00   0.000000E+00   0.000000E+00   0.000000E+00   0.000000E+00   0.000000E+00   0.000000E+00
  1172.5   0.903188-161   0.000000E+00   0.000000E+00   0.000000E+00   0.000000E+00   0.000000E+00   0.000000E+00   0.000000E+00
  1177.5   0.106149-162   0.000000E+00   0.000000E+00   0.000000E+00   0.000000E+00   0.000000E+00   0.000000E+00   0.000000E+00
  1182.5   0.121205-164   0.000000E+00   0.000000E+00   0.000000E+00   0.000000E+00   0.000000E+00   0.000000E+00   0.000000E+00
  1187.5   0.134460-166   0.000000E+00   0.000000E+00   0.000000E+00   0.000000E+00   0.000000E+00   0.000000E+00   0.000000E+00
  1192.5   0.144922-168   0.000000E+00   0.000000E+00   0.000000E+00   0.000000E+00   0.000000E+00   0.000000E+00   0.000000E+00
  1197.5   0.151756-170   0.000000E+00   0.000000E+00   0.000000E+00   0.000000E+00   0.000000E+00   0.000000E+00   0.000000E+00
  1202.5   0.154392-172   0.000000E+00   0.000000E+00   0.000000E+00   0.000000E+00   0.000000E+00   0.000000E+00   0.000000E+00
  1207.5   0.152606-174   0.000000E+00   0.000000E+00   0.000000E+00   0.000000E+00   0.000000E+00   0.000000E+00   0.000000E+00
  1212.5   0.146550-176   0.000000E+00   0.000000E+00   0.000000E+00   0.000000E+00   0.000000E+00   0.000000E+00   0.000000E+00
  1217.5   0.136732-178   0.000000E+00   0.000000E+00   0.000000E+00   0.000000E+00   0.000000E+00   0.000000E+00   0.000000E+00
  1222.5   0.123943-180   0.000000E+00   0.000000E+00   0.000000E+00   0.000000E+00   0.000000E+00   0.000000E+00   0.000000E+00
  1227.5   0.109155-182   0.000000E+00   0.000000E+00   0.000000E+00   0.000000E+00   0.000000E+00   0.000000E+00   0.000000E+00
  1232.5   0.933967-185   0.000000E+00   0.000000E+00   0.000000E+00   0.000000E+00   0.000000E+00   0.000000E+00   0.000000E+00
  1237.5   0.776407-187   0.000000E+00   0.000000E+00   0.000000E+00   0.000000E+00   0.000000E+00   0.000000E+00   0.000000E+00
  1242.5   0.627069-189   0.000000E+00   0.000000E+00   0.000000E+00   0.000000E+00   0.000000E+00   0.000000E+00   0.000000E+00
  1247.5   0.492050-191   0.000000E+00   0.000000E+00   0.000000E+00   0.000000E+00   0.000000E+00   0.000000E+00   0.000000E+00
  1252.5   0.375122-193   0.000000E+00   0.000000E+00   0.000000E+00   0.000000E+00   0.000000E+00   0.000000E+00   0.000000E+00
  1257.5   0.277846-195   0.000000E+00   0.000000E+00   0.000000E+00   0.000000E+00   0.000000E+00   0.000000E+00   0.000000E+00
  1262.5   0.199942-197   0.000000E+00   0.000000E+00   0.000000E+00   0.000000E+00   0.000000E+00   0.000000E+00   0.000000E+00
  1267.5   0.139788-199   0.000000E+00   0.000000E+00   0.000000E+00   0.000000E+00   0.000000E+00   0.000000E+00   0.000000E+00
  1272.5   0.949527-202   0.000000E+00   0.000000E+00   0.000000E+00   0.000000E+00   0.000000E+00   0.000000E+00   0.000000E+00
  1277.5   0.626632-204   0.000000E+00   0.000000E+00   0.000000E+00   0.000000E+00   0.000000E+00   0.000000E+00   0.000000E+00
  1282.5   0.401778-206   0.000000E+00   0.000000E+00   0.000000E+00   0.000000E+00   0.000000E+00   0.000000E+00   0.000000E+00
  1287.5   0.250281-208   0.000000E+00   0.000000E+00   0.000000E+00   0.000000E+00   0.000000E+00   0.000000E+00   0.000000E+00
  1292.5   0.151474-210   0.000000E+00   0.000000E+00   0.000000E+00   0.000000E+00   0.000000E+00   0.000000E+00   0.000000E+00
  1297.5   0.890668-213   0.000000E+00   0.000000E+00   0.000000E+00   0.000000E+00   0.000000E+00   0.000000E+00   0.000000E+00
  1302.5   0.508819-215   0.000000E+00   0.000000E+00   0.000000E+00   0.000000E+00   0.000000E+00   0.000000E+00   0.000000E+00
  1307.5   0.282409-217   0.000000E+00   0.000000E+00   0.000000E+00   0.000000E+00   0.000000E+00   0.000000E+00   0.000000E+00
  1312.5   0.152287-219   0.000000E+00   0.000000E+00   0.000000E+00   0.000000E+00   0.000000E+00   0.000000E+00   0.000000E+00
  1317.5   0.797837-222   0.000000E+00   0.000000E+00   0.000000E+00   0.000000E+00   0.000000E+00   0.000000E+00   0.000000E+00
  1322.5   0.406102-224   0.000000E+00   0.000000E+00   0.000000E+00   0.000000E+00   0.000000E+00   0.000000E+00   0.000000E+00
  1327.5   0.200828-226   0.000000E+00   0.000000E+00   0.000000E+00   0.000000E+00   0.000000E+00   0.000000E+00   0.000000E+00
  1332.5   0.964898-229   0.000000E+00   0.000000E+00   0.000000E+00   0.000000E+00   0.000000E+00   0.000000E+00   0.000000E+00
  1337.5   0.450409-231   0.000000E+00   0.000000E+00   0.000000E+00   0.000000E+00   0.000000E+00   0.000000E+00   0.000000E+00
  1342.5   0.204269-233   0.000000E+00   0.000000E+00   0.000000E+00   0.000000E+00   0.000000E+00   0.000000E+00   0.000000E+00
  1347.5   0.900045-236   0.000000E+00   0.000000E+00   0.000000E+00   0.000000E+00   0.000000E+00   0.000000E+00   0.000000E+00
  1352.5   0.385297-238   0.000000E+00   0.000000E+00   0.000000E+00   0.000000E+00   0.000000E+00   0.000000E+00   0.000000E+00
  1357.5   0.160249-240   0.000000E+00   0.000000E+00   0.000000E+00   0.000000E+00   0.000000E+00   0.000000E+00   0.000000E+00
  1362.5   0.647534-243   0.000000E+00   0.000000E+00   0.000000E+00   0.000000E+00   0.000000E+00   0.000000E+00   0.000000E+00
  1367.5   0.254214-245   0.000000E+00   0.000000E+00   0.000000E+00   0.000000E+00   0.000000E+00   0.000000E+00   0.000000E+00
  1372.5   0.969626-248   0.000000E+00   0.000000E+00   0.000000E+00   0.000000E+00   0.000000E+00   0.000000E+00   0.000000E+00
  1377.5   0.359317-250   0.000000E+00   0.000000E+00   0.000000E+00   0.000000E+00   0.000000E+00   0.000000E+00   0.000000E+00
  1382.5   0.129366-252   0.000000E+00   0.000000E+00   0.000000E+00   0.000000E+00   0.000000E+00   0.000000E+00   0.000000E+00
  1387.5   0.452511-255   0.000000E+00   0.000000E+00   0.000000E+00   0.000000E+00   0.000000E+00   0.000000E+00   0.000000E+00
  1392.5   0.153783-257   0.000000E+00   0.000000E+00   0.000000E+00   0.000000E+00   0.000000E+00   0.000000E+00   0.000000E+00
  1397.5   0.507755-260   0.000000E+00   0.000000E+00   0.000000E+00   0.000000E+00   0.000000E+00   0.000000E+00   0.000000E+00
  1402.5   0.162881-262   0.000000E+00   0.000000E+00   0.000000E+00   0.000000E+00   0.000000E+00   0.000000E+00   0.000000E+00
  1407.5   0.507637-265   0.000000E+00   0.000000E+00   0.000000E+00   0.000000E+00   0.000000E+00   0.000000E+00   0.000000E+00
  1412.5   0.153711-267   0.000000E+00   0.000000E+00   0.000000E+00   0.000000E+00   0.000000E+00   0.000000E+00   0.000000E+00
  1417.5   0.452195-270   0.000000E+00   0.000000E+00   0.000000E+00   0.000000E+00   0.000000E+00   0.000000E+00   0.000000E+00
  1422.5   0.129245-272   0.000000E+00   0.000000E+00   0.000000E+00   0.000000E+00   0.000000E+00   0.000000E+00   0.000000E+00
  1427.5   0.358899-275   0.000000E+00   0.000000E+00   0.000000E+00   0.000000E+00   0.000000E+00   0.000000E+00   0.000000E+00
  1432.5   0.968274-278   0.000000E+00   0.000000E+00   0.000000E+00   0.000000E+00   0.000000E+00   0.000000E+00   0.000000E+00
  1437.5   0.253801-280   0.000000E+00   0.000000E+00   0.000000E+00   0.000000E+00   0.000000E+00   0.000000E+00   0.000000E+00
  1442.5   0.646332-283   0.000000E+00   0.000000E+00   0.000000E+00   0.000000E+00   0.000000E+00   0.000000E+00   0.000000E+00
  1447.5   0.159914-285   0.000000E+00   0.000000E+00   0.000000E+00   0.000000E+00   0.000000E+00   0.000000E+00   0.000000E+00
  1452.5   0.384402-288   0.000000E+00   0.000000E+00   0.000000E+00   0.000000E+00   0.000000E+00   0.000000E+00   0.000000E+00
  1457.5   0.897747-291   0.000000E+00   0.000000E+00   0.000000E+00   0.000000E+00   0.000000E+00   0.000000E+00   0.000000E+00
  1462.5   0.203700-293   0.000000E+00   0.000000E+00   0.000000E+00   0.000000E+00   0.000000E+00   0.000000E+00   0.000000E+00
  1467.5   0.449050-296   0.000000E+00   0.000000E+00   0.000000E+00   0.000000E+00   0.000000E+00   0.000000E+00   0.000000E+00
  1472.5   0.961763-299   0.000000E+00   0.000000E+00   0.000000E+00   0.000000E+00   0.000000E+00   0.000000E+00   0.000000E+00
  1477.5   0.200129-301   0.000000E+00   0.000000E+00   0.000000E+00   0.000000E+00   0.000000E+00   0.000000E+00   0.000000E+00
  1482.5   0.404594-304   0.000000E+00   0.000000E+00   0.000000E+00   0.000000E+00   0.000000E+00   0.000000E+00   0.000000E+00
  1487.5   0.794691-307   0.000000E+00   0.000000E+00   0.000000E+00   0.000000E+00   0.000000E+00   0.000000E+00   0.000000E+00
  1492.5   0.151651-309   0.000000E+00   0.000000E+00   0.000000E+00   0.000000E+00   0.000000E+00   0.000000E+00   0.000000E+00
  1497.5   0.281164-312   0.000000E+00   0.000000E+00   0.000000E+00   0.000000E+00   0.000000E+00   0.000000E+00   0.000000E+00
  1502.5   0.506459-315   0.000000E+00   0.000000E+00   0.000000E+00   0.000000E+00   0.000000E+00   0.000000E+00   0.000000E+00
  1507.5   0.886329-318   0.000000E+00   0.000000E+00   0.000000E+00   0.000000E+00   0.000000E+00   0.000000E+00   0.000000E+00
  1512.5   0.150690-320   0.000000E+00   0.000000E+00   0.000000E+00   0.000000E+00   0.000000E+00   0.000000E+00   0.000000E+00
  1517.5   0.000000E+00   0.000000E+00   0.000000E+00   0.000000E+00   0.000000E+00   0.000000E+00   0.000000E+00   0.000000E+00
  1522.5   0.000000E+00   0.000000E+00   0.000000E+00   0.000000E+00   0.000000E+00   0.000000E+00   0.000000E+00   0.000000E+00
  1527.5   0.000000E+00   0.000000E+00   0.000000E+00   0.000000E+00   0.000000E+00   0.000000E+00   0.000000E+00   0.000000E+00
  1532.5   0.000000E+00   0.000000E+00   0.000000E+00   0.000000E+00   0.000000E+00   0.000000E+00   0.000000E+00   0.000000E+00
  1537.5   0.000000E+00   0.000000E+00   0.000000E+00   0.000000E+00   0.000000E+00   0.000000E+00   0.000000E+00   0.000000E+00
  1542.5   0.000000E+00   0.000000E+00   0.000000E+00   0.000000E+00   0.000000E+00   0.000000E+00   0.000000E+00   0.000000E+00
  1547.5   0.000000E+00   0.000000E+00   0.000000E+00   0.000000E+00   0.000000E+00   0.000000E+00   0.000000E+00   0.000000E+00
  1552.5   0.000000E+00   0.000000E+00   0.000000E+00   0.000000E+00   0.000000E+00   0.000000E+00   0.000000E+00   0.000000E+00
  1557.5   0.000000E+00   0.000000E+00   0.000000E+00   0.000000E+00   0.000000E+00   0.000000E+00   0.000000E+00   0.000000E+00
  1562.5   0.000000E+00   0.000000E+00   0.000000E+00   0.000000E+00   0.000000E+00   0.000000E+00   0.000000E+00   0.000000E+00
  1567.5   0.000000E+00   0.000000E+00   0.000000E+00   0.000000E+00   0.000000E+00   0.000000E+00   0.000000E+00   0.000000E+00
  1572.5   0.000000E+00   0.000000E+00   0.000000E+00   0.000000E+00   0.000000E+00   0.000000E+00   0.000000E+00   0.000000E+00
  1577.5   0.000000E+00   0.000000E+00   0.000000E+00   0.000000E+00   0.000000E+00   0.000000E+00   0.000000E+00   0.000000E+00
  1582.5   0.000000E+00   0.000000E+00   0.000000E+00   0.000000E+00   0.000000E+00   0.000000E+00   0.000000E+00   0.000000E+00
  1587.5   0.000000E+00   0.000000E+00   0.000000E+00   0.000000E+00   0.000000E+00   0.000000E+00   0.000000E+00   0.000000E+00
  1592.5   0.000000E+00   0.000000E+00   0.000000E+00   0.000000E+00   0.000000E+00   0.000000E+00   0.000000E+00   0.000000E+00
  1597.5   0.000000E+00   0.000000E+00   0.000000E+00   0.000000E+00   0.000000E+00   0.000000E+00   0.000000E+00   0.000000E+00
  1602.5   0.000000E+00   0.000000E+00   0.000000E+00   0.000000E+00   0.000000E+00   0.000000E+00   0.000000E+00   0.000000E+00
  1607.5   0.000000E+00   0.000000E+00   0.000000E+00   0.000000E+00   0.000000E+00   0.000000E+00   0.000000E+00   0.000000E+00
  1612.5   0.000000E+00   0.000000E+00   0.000000E+00   0.000000E+00   0.000000E+00   0.000000E+00   0.000000E+00   0.000000E+00
  1617.5   0.000000E+00   0.000000E+00   0.000000E+00   0.000000E+00   0.000000E+00   0.000000E+00   0.000000E+00   0.000000E+00
  1622.5   0.000000E+00   0.000000E+00   0.000000E+00   0.000000E+00   0.000000E+00   0.000000E+00   0.000000E+00   0.000000E+00
  1627.5   0.000000E+00   0.000000E+00   0.000000E+00   0.000000E+00   0.000000E+00   0.000000E+00   0.000000E+00   0.000000E+00
  1632.5   0.000000E+00   0.000000E+00   0.000000E+00   0.000000E+00   0.000000E+00   0.000000E+00   0.000000E+00   0.000000E+00
  1637.5   0.000000E+00   0.000000E+00   0.000000E+00   0.000000E+00   0.000000E+00   0.000000E+00   0.000000E+00   0.000000E+00
  1642.5   0.000000E+00   0.000000E+00   0.000000E+00   0.000000E+00   0.000000E+00   0.000000E+00   0.000000E+00   0.000000E+00
  1647.5   0.000000E+00   0.000000E+00   0.000000E+00   0.000000E+00   0.000000E+00   0.000000E+00   0.000000E+00   0.000000E+00
  1652.5   0.000000E+00   0.000000E+00   0.000000E+00   0.000000E+00   0.000000E+00   0.000000E+00   0.000000E+00   0.000000E+00
  1657.5   0.000000E+00   0.000000E+00   0.000000E+00   0.000000E+00   0.000000E+00   0.000000E+00   0.000000E+00   0.000000E+00
  1662.5   0.000000E+00   0.000000E+00   0.000000E+00   0.000000E+00   0.000000E+00   0.000000E+00   0.000000E+00   0.000000E+00
  1667.5   0.000000E+00   0.000000E+00   0.000000E+00   0.000000E+00   0.000000E+00   0.000000E+00   0.000000E+00   0.000000E+00
  1672.5   0.000000E+00   0.000000E+00   0.000000E+00   0.000000E+00   0.000000E+00   0.000000E+00   0.000000E+00   0.000000E+00
  1677.5   0.000000E+00   0.000000E+00   0.000000E+00   0.000000E+00   0.000000E+00   0.000000E+00   0.000000E+00   0.000000E+00
  1682.5   0.000000E+00   0.000000E+00   0.000000E+00   0.000000E+00   0.000000E+00   0.000000E+00   0.000000E+00   0.000000E+00
  1687.5   0.000000E+00   0.000000E+00   0.000000E+00   0.000000E+00   0.000000E+00   0.000000E+00   0.000000E+00   0.000000E+00
  1692.5   0.000000E+00   0.000000E+00   0.000000E+00   0.000000E+00   0.000000E+00   0.000000E+00   0.000000E+00   0.000000E+00
  1697.5   0.000000E+00   0.000000E+00   0.000000E+00   0.000000E+00   0.000000E+00   0.000000E+00   0.000000E+00   0.000000E+00
  1702.5   0.000000E+00   0.000000E+00   0.000000E+00   0.000000E+00   0.000000E+00   0.000000E+00   0.000000E+00   0.000000E+00
  1707.5   0.000000E+00   0.000000E+00   0.000000E+00   0.000000E+00   0.000000E+00   0.000000E+00   0.000000E+00   0.000000E+00
  1712.5   0.000000E+00   0.000000E+00   0.000000E+00   0.000000E+00   0.000000E+00   0.000000E+00   0.000000E+00   0.000000E+00
  1717.5   0.000000E+00   0.000000E+00   0.000000E+00   0.000000E+00   0.000000E+00   0.000000E+00   0.000000E+00   0.000000E+00
  1722.5   0.000000E+00   0.000000E+00   0.000000E+00   0.000000E+00   0.000000E+00   0.000000E+00   0.000000E+00   0.000000E+00
  1727.5   0.000000E+00   0.000000E+00   0.000000E+00   0.000000E+00   0.000000E+00   0.000000E+00   0.000000E+00   0.000000E+00
  1732.5   0.000000E+00   0.000000E+00   0.000000E+00   0.000000E+00   0.000000E+00   0.000000E+00   0.000000E+00   0.000000E+00
  1737.5   0.000000E+00   0.000000E+00   0.000000E+00   0.000000E+00   0.000000E+00   0.000000E+00   0.000000E+00   0.000000E+00
  1742.5   0.000000E+00   0.000000E+00   0.000000E+00   0.000000E+00   0.000000E+00   0.000000E+00   0.000000E+00   0.000000E+00
  1747.5   0.000000E+00   0.000000E+00   0.000000E+00   0.000000E+00   0.000000E+00   0.000000E+00   0.000000E+00   0.000000E+00
  1752.5   0.000000E+00   0.000000E+00   0.000000E+00   0.000000E+00   0.000000E+00   0.000000E+00   0.000000E+00   0.000000E+00
  1757.5   0.000000E+00   0.000000E+00   0.000000E+00   0.000000E+00   0.000000E+00   0.000000E+00   0.000000E+00   0.000000E+00
  1762.5   0.000000E+00   0.000000E+00   0.000000E+00   0.000000E+00   0.000000E+00   0.000000E+00   0.000000E+00   0.000000E+00
  1767.5   0.000000E+00   0.000000E+00   0.000000E+00   0.000000E+00   0.000000E+00   0.000000E+00   0.000000E+00   0.000000E+00
  1772.5   0.000000E+00   0.000000E+00   0.000000E+00   0.000000E+00   0.000000E+00   0.000000E+00   0.000000E+00   0.000000E+00
  1777.5   0.000000E+00   0.000000E+00   0.000000E+00   0.000000E+00   0.000000E+00   0.000000E+00   0.000000E+00   0.000000E+00
  1782.5   0.000000E+00   0.000000E+00   0.000000E+00   0.000000E+00   0.000000E+00   0.000000E+00   0.000000E+00   0.000000E+00
  1787.5   0.000000E+00   0.000000E+00   0.000000E+00   0.000000E+00   0.000000E+00   0.000000E+00   0.000000E+00   0.000000E+00
  1792.5   0.000000E+00   0.000000E+00   0.000000E+00   0.000000E+00   0.000000E+00   0.000000E+00   0.000000E+00   0.000000E+00
  1797.5   0.000000E+00   0.000000E+00   0.000000E+00   0.000000E+00   0.000000E+00   0.000000E+00   0.000000E+00   0.000000E+00
  1802.5   0.000000E+00   0.000000E+00   0.000000E+00   0.000000E+00   0.000000E+00   0.000000E+00   0.000000E+00   0.000000E+00
  1807.5   0.000000E+00   0.000000E+00   0.000000E+00   0.000000E+00   0.000000E+00   0.000000E+00   0.000000E+00   0.000000E+00
  1812.5   0.000000E+00   0.000000E+00   0.000000E+00   0.000000E+00   0.000000E+00   0.000000E+00   0.000000E+00   0.000000E+00
  1817.5   0.000000E+00   0.000000E+00   0.000000E+00   0.000000E+00   0.000000E+00   0.000000E+00   0.000000E+00   0.000000E+00
  1822.5   0.000000E+00   0.000000E+00   0.000000E+00   0.000000E+00   0.000000E+00   0.000000E+00   0.000000E+00   0.000000E+00
  1827.5   0.000000E+00   0.000000E+00   0.000000E+00   0.000000E+00   0.000000E+00   0.000000E+00   0.000000E+00   0.000000E+00
  1832.5   0.000000E+00   0.000000E+00   0.000000E+00   0.000000E+00   0.000000E+00   0.000000E+00   0.000000E+00   0.000000E+00
  1837.5   0.000000E+00   0.000000E+00   0.000000E+00   0.000000E+00   0.000000E+00   0.000000E+00   0.000000E+00   0.000000E+00
  1842.5   0.000000E+00   0.000000E+00   0.000000E+00   0.000000E+00   0.000000E+00   0.000000E+00   0.000000E+00   0.000000E+00
  1847.5   0.000000E+00   0.000000E+00   0.000000E+00   0.000000E+00   0.000000E+00   0.000000E+00   0.000000E+00   0.000000E+00
  1852.5   0.000000E+00   0.000000E+00   0.000000E+00   0.000000E+00   0.000000E+00   0.000000E+00   0.000000E+00   0.000000E+00
  1857.5   0.000000E+00   0.000000E+00   0.000000E+00   0.000000E+00   0.000000E+00   0.000000E+00   0.000000E+00   0.000000E+00
  1862.5   0.000000E+00   0.000000E+00   0.000000E+00   0.000000E+00   0.000000E+00   0.000000E+00   0.000000E+00   0.000000E+00
  1867.5   0.000000E+00   0.000000E+00   0.000000E+00   0.000000E+00   0.000000E+00   0.000000E+00   0.000000E+00   0.000000E+00
  1872.5   0.000000E+00   0.000000E+00   0.000000E+00   0.000000E+00   0.000000E+00   0.000000E+00   0.000000E+00   0.000000E+00
  1877.5   0.000000E+00   0.000000E+00   0.000000E+00   0.000000E+00   0.000000E+00   0.000000E+00   0.000000E+00   0.000000E+00
  1882.5   0.000000E+00   0.000000E+00   0.000000E+00   0.000000E+00   0.000000E+00   0.000000E+00   0.000000E+00   0.000000E+00
  1887.5   0.000000E+00   0.000000E+00   0.000000E+00   0.000000E+00   0.000000E+00   0.000000E+00   0.000000E+00   0.000000E+00
  1892.5   0.000000E+00   0.000000E+00   0.000000E+00   0.000000E+00   0.000000E+00   0.000000E+00   0.000000E+00   0.000000E+00
  1897.5   0.000000E+00   0.000000E+00   0.000000E+00   0.000000E+00   0.000000E+00   0.000000E+00   0.000000E+00   0.000000E+00
  1902.5   0.000000E+00   0.000000E+00   0.000000E+00   0.000000E+00   0.000000E+00   0.000000E+00   0.000000E+00   0.000000E+00
  1907.5   0.000000E+00   0.000000E+00   0.000000E+00   0.000000E+00   0.000000E+00   0.000000E+00   0.000000E+00   0.000000E+00
  1912.5   0.000000E+00   0.000000E+00   0.000000E+00   0.000000E+00   0.000000E+00   0.000000E+00   0.000000E+00   0.000000E+00
  1917.5   0.000000E+00   0.000000E+00   0.000000E+00   0.000000E+00   0.000000E+00   0.000000E+00   0.000000E+00   0.000000E+00
  1922.5   0.000000E+00   0.000000E+00   0.000000E+00   0.000000E+00   0.000000E+00   0.000000E+00   0.000000E+00   0.000000E+00
  1927.5   0.000000E+00   0.000000E+00   0.000000E+00   0.000000E+00   0.000000E+00   0.000000E+00   0.000000E+00   0.000000E+00
  1932.5   0.000000E+00   0.000000E+00   0.000000E+00   0.000000E+00   0.000000E+00   0.000000E+00   0.000000E+00   0.000000E+00
  1937.5   0.000000E+00   0.000000E+00   0.000000E+00   0.000000E+00   0.000000E+00   0.000000E+00   0.000000E+00   0.000000E+00
  1942.5   0.000000E+00   0.000000E+00   0.000000E+00   0.000000E+00   0.000000E+00   0.000000E+00   0.000000E+00   0.000000E+00
  1947.5   0.000000E+00   0.000000E+00   0.000000E+00   0.000000E+00   0.000000E+00   0.000000E+00   0.000000E+00   0.000000E+00
  1952.5   0.000000E+00   0.000000E+00   0.000000E+00   0.000000E+00   0.000000E+00   0.000000E+00   0.000000E+00   0.000000E+00
  1957.5   0.000000E+00   0.000000E+00   0.000000E+00   0.000000E+00   0.000000E+00   0.000000E+00   0.000000E+00   0.000000E+00
  1962.5   0.000000E+00   0.000000E+00   0.000000E+00   0.000000E+00   0.000000E+00   0.000000E+00   0.000000E+00   0.000000E+00
  1967.5   0.000000E+00   0.000000E+00   0.000000E+00   0.000000E+00   0.000000E+00   0.000000E+00   0.000000E+00   0.000000E+00
  1972.5   0.000000E+00   0.000000E+00   0.000000E+00   0.000000E+00   0.000000E+00   0.000000E+00   0.000000E+00   0.000000E+00
  1977.5   0.000000E+00   0.000000E+00   0.000000E+00   0.000000E+00   0.000000E+00   0.000000E+00   0.000000E+00   0.000000E+00
  1982.5   0.000000E+00   0.000000E+00   0.000000E+00   0.000000E+00   0.000000E+00   0.000000E+00   0.000000E+00   0.000000E+00
  1987.5   0.000000E+00   0.000000E+00   0.000000E+00   0.000000E+00   0.000000E+00   0.000000E+00   0.000000E+00   0.000000E+00
  1992.5   0.000000E+00   0.000000E+00   0.000000E+00   0.000000E+00   0.000000E+00   0.000000E+00   0.000000E+00   0.000000E+00
  1997.5   0.000000E+00   0.000000E+00   0.000000E+00   0.000000E+00   0.000000E+00   0.000000E+00   0.000000E+00   0.000000E+00
