# N_e   creados [Evts/kg/dia]   extraidos [Evts/kg/dia]
    0   1.112364E+01   2.406049E+01
    1   1.307562E+01   9.050394E+00
    2   6.836882E+00   1.808386E+00
    3   2.548594E+00   3.134508E-01
    4   1.036624E+00   5.372090E-02
    5   4.235536E-01   8.522876E-03
    6   1.634363E-01   1.233289E-03
    7   5.894864E-02   1.633291E-04
    8   2.003300E-02   1.986878E-05
    9   6.416633E-03   2.227880E-06
   10   1.910778E-03   2.312694E-07
   11   5.337705E-04   2.221775E-08
   12   1.409488E-04   1.951443E-09
   13   3.576578E-05   1.528799E-10
   14   8.644497E-06   1.033292E-11
   15   1.907393E-06   5.809507E-13
