# j(reconstruido)  k(verdadero)  R_k*P(k->j) [ev/(kg dia)], antes de eff_ROI
    4    1   0.0000000E+00
    4    2   1.6996333E-07
    4    3   4.0194260E-03
    4    4   1.4087091E-02
    4    5   1.2180008E-03
    4    6   1.4976073E-05
    4    7   5.7428348E-08
    4    8   1.0208504E-10
    4    9   1.0495278E-13
    4   10   7.1800782E-17
    4   11   3.5840532E-20
    4   12   1.3730678E-23
    4   13   0.0000000E+00
    4   14   0.0000000E+00
    4   15   0.0000000E+00
    5    1   0.0000000E+00
    5    2   3.0526253E-10
    5    3   3.2992912E-04
    5    4   9.9188924E-03
    5    5   4.8858910E-03
    5    6   2.6959908E-04
    5    7   3.5304694E-06
    5    8   1.6790634E-08
    5    9   3.8137650E-11
    5   10   4.9840086E-14
    5   11   4.2541925E-17
    5   12   2.5564251E-20
    5   13   1.1188922E-23
    5   14   3.4229489E-27
    5   15   0.0000000E+00
    6    1   0.0000000E+00
    6    2   0.0000000E+00
    6    3   4.6214911E-08
    6    4   2.0830440E-04
    6    5   1.7470657E-03
    6    6   6.5337146E-04
    6    7   3.7423440E-05
    6    8   5.7910183E-07
    6    9   3.4145926E-09
    6   10   9.7432080E-12
    6   11   1.5900021E-14
    6   12   1.6480431E-17
    6   13   1.1473592E-20
    6   14   5.4983970E-24
    6   15   1.8244775E-27
    7    1   0.0000000E+00
    7    2   0.0000000E+00
    7    3   1.1074700E-13
    7    4   2.3973790E-07
    7    5   6.6841438E-05
    7    6   1.9747959E-04
    7    7   4.0695417E-05
    7    8   1.4965534E-06
    7    9   1.6631637E-08
    7   10   7.7503085E-11
    7   11   1.8754708E-13
    7   12   2.6899386E-16
    7   13   2.4607336E-19
    7   14   1.4886975E-22
    7   15   6.0559848E-26
